3.0538e-19
nan
nan
nan
nan
nan
nan
nan
nan
nan
nan
nan
1.6950e-20
nan
nan
nan
nan
nan
nan
nan
nan
1.0620e-25
6.3221e-17
1.9030e-16
2.8166e-16
4.0185e-16
4.4804e-16
4.9992e-16
5.8533e-16
5.9418e-16
6.7201e-16
7.0397e-16
6.7906e-16
7.8939e-16
8.2623e-16
9.0343e-16
9.0761e-16
9.2191e-16
1.0016e-15
9.8502e-16
1.0403e-15
9.9114e-16
1.0688e-15
1.0921e-15
1.0595e-15
1.0724e-15
1.0867e-15
1.1088e-15
1.1745e-15
1.1727e-15
1.1127e-15
1.1506e-15
1.1501e-15
1.1409e-15
1.0841e-15
1.0386e-15
1.0673e-15
9.7869e-16
1.0059e-15
9.6982e-16
9.6668e-16
9.9539e-16
9.1207e-16
9.5162e-16
8.7993e-16
9.9484e-16
9.3886e-16
9.1387e-16
8.8126e-16
9.3889e-16
9.1641e-16
9.3422e-16
9.7183e-16
1.0184e-15
9.3182e-16
9.7957e-16
9.9039e-16
9.8863e-16
1.0544e-15
1.0355e-15
1.1561e-15
1.1898e-15
1.2258e-15
1.2519e-15
1.3100e-15
1.3251e-15
1.5510e-15
2.4703e-15
2.0215e-15
2.4185e-15
1.8632e-15
3.1861e-12
1.3715e-13
4.4046e-13
1.5342e-12
1.9668e-12
2.5809e-12
2.3652e-12
1.3474e-12
4.9923e-13
7.3466e-14
7.6436e-14
7.4276e-14
7.2010e-14
7.0993e-14
7.3101e-14
6.9841e-14
6.7370e-14
7.1771e-14
7.7258e-14
6.4720e-14
5.4210e-14
5.7691e-14
7.2152e-14
8.0894e-14
7.2142e-14
6.0586e-14
5.1178e-14
4.2281e-14
5.3821e-14
5.5045e-14
5.5252e-14
5.5707e-14
5.2997e-14
5.6155e-14
5.4526e-14
5.7083e-14
5.8711e-14
6.9498e-14
7.2060e-14
5.9104e-14
5.0869e-14
5.6054e-14
5.7280e-14
6.5316e-14
7.4623e-14
5.7600e-14
4.9476e-14
2.5095e-23
8.8756e-17
2.5014e-16
3.3280e-16
4.2512e-16
4.8969e-16
4.8674e-16
5.9805e-16
5.9547e-16
6.3710e-16
7.0578e-16
6.5632e-16
7.9254e-16
7.8999e-16
7.1156e-16
8.4592e-16
8.2942e-16
8.8948e-16
9.1772e-16
8.4722e-16
1.1715e-15
1.0253e-15
8.7704e-16
8.7217e-16
8.3114e-16
8.8101e-16
8.2890e-16
8.1219e-16
7.4387e-16
7.5734e-16
7.1888e-16
6.8362e-16
7.1129e-16
7.0772e-16
6.7214e-16
6.8160e-16
6.8479e-16
6.7264e-16
6.3732e-16
6.6658e-16
6.8778e-16
0.0000e+00
2.3878e-19
2.5166e-18
6.1157e-18
1.9268e-17
3.8870e-17
5.4112e-17
8.1923e-17
8.6474e-17
1.1073e-16
1.4356e-16
1.5098e-16
1.7521e-16
2.0835e-16
2.4896e-16
2.9738e-16
3.2112e-16
3.5477e-16
3.6761e-16
4.1503e-16
4.3192e-16
4.9254e-16
5.2511e-16
5.7554e-16
5.9706e-16
5.9275e-16
6.0986e-16
6.6526e-16
6.4311e-16
6.9422e-16
6.2826e-16
7.2811e-16
7.4207e-16
7.4698e-16
7.8937e-16
7.7174e-16
8.3595e-16
8.3735e-16
9.0652e-16
9.2232e-16
1.0056e-15
9.6212e-16
1.0216e-15
1.0216e-15
1.0627e-15
1.0708e-15
1.1345e-15
1.1960e-15
1.1760e-15
1.2138e-15
1.2686e-15
1.2576e-15
1.2897e-15
1.2687e-15
1.3223e-15
1.3141e-15
1.3882e-15
1.3778e-15
1.4531e-15
1.3721e-15
1.3893e-15
1.4943e-15
1.5476e-15
1.5513e-15
1.5724e-15
1.6906e-15
1.7281e-15
1.8265e-15
1.8521e-15
1.9201e-15
1.2391e-12
3.8110e-15
1.0495e-12
2.8327e-13
4.0550e-13
6.3067e-15
6.2404e-15
6.3838e-15
6.8783e-15
6.6288e-15
6.8891e-13
7.1515e-15
7.3321e-15
7.1135e-15
7.7831e-15
8.7139e-15
8.2441e-14
8.7336e-15
1.7363e-14
9.7288e-15
9.6481e-15
9.9685e-15
1.1270e-13
1.1080e-14
1.1119e-14
2.8768e-12
1.1005e-14
1.1803e-14
1.1772e-14
1.2433e-14
1.6545e-14
2.2021e-14
1.3097e-14
4.5695e-14
1.3840e-14
1.3906e-14
1.6015e-14
3.2647e-12
6.3042e-14
2.0532e-14
2.0453e-14
7.7713e-14
2.3454e-14
2.4479e-14
3.0084e-14
2.5231e-14
2.5084e-14
2.8319e-14
2.8745e-14
3.0309e-14
2.8984e-14
2.9755e-14
3.2371e-14
3.3399e-14
3.1692e-14
3.3784e-14
3.3930e-14
3.3707e-14
3.4699e-14
3.3601e-14
3.3781e-14
3.3532e-14
3.5217e-14
3.6402e-14
3.7235e-14
3.6482e-14
3.6581e-14
3.8394e-14
3.8154e-14
3.9211e-14
3.8208e-14
3.8839e-14
3.8475e-14
3.7808e-14
3.9537e-14
3.8279e-14
3.5799e-14
3.6012e-14
3.6112e-14
3.4360e-14
3.3295e-14
3.4564e-14
3.4503e-14
3.3078e-14
3.3063e-14
3.3284e-14
3.3633e-14
3.3513e-14
3.3339e-14
3.4394e-14
3.3076e-14
3.3737e-14
3.3850e-14
3.3595e-14
3.5368e-14
3.5641e-14
3.4712e-14
3.7302e-14
3.7542e-14
3.6604e-14
3.6281e-14
3.7076e-14
3.8653e-14
3.8762e-14
3.8937e-14
1.3055e-19
8.1331e-12
1.3587e-11
1.9911e-11
2.0016e-11
2.3242e-11
2.5135e-11
2.9324e-11
2.8241e-11
2.9016e-11
2.7185e-11
2.8335e-11
2.8194e-11
2.5353e-11
2.6349e-11
2.6045e-11
2.4311e-11
2.3775e-11
2.4217e-11
2.3851e-11
2.3740e-11
2.3636e-11
2.3687e-11
2.4293e-11
2.4537e-11
2.4337e-11
2.4829e-11
2.3963e-11
2.4513e-11
2.3691e-11
2.3348e-11
2.2559e-11
2.1351e-11
1.9620e-11
2.1516e-11
1.9318e-11
1.8519e-11
1.5900e-11
1.8699e-11
1.9412e-11
1.9471e-11
1.8301e-11
1.8107e-11
1.7896e-11
1.8388e-11
1.8407e-11
1.6227e-11
1.6157e-11
1.6924e-11
1.7507e-11
1.8041e-11
1.7256e-11
1.8507e-11
2.0275e-11
1.9910e-11
2.2354e-11
2.3381e-11
2.5142e-11
2.6670e-11
3.1851e-11
2.8676e-11
3.0878e-11
3.1809e-11
3.1762e-11
3.1947e-11
3.5823e-11
3.5838e-11
3.5722e-11
3.8000e-11
3.7028e-11
1.2827e-08
1.3282e-07
1.8385e-08
1.3877e-08
1.1252e-08
9.7435e-09
1.1613e-08
8.7835e-09
6.9686e-09
1.0480e-08
8.7644e-09
4.7090e-09
7.5195e-09
7.8542e-09
5.7859e-09
