1.1833e-13
nan
nan
nan
nan
nan
nan
nan
nan
nan
nan
nan
1.0617e-16
nan
nan
nan
nan
nan
nan
nan
nan
1.0153e-18
7.7087e-13
4.5261e-12
1.1030e-11
1.7536e-11
2.4181e-11
3.2768e-11
4.1344e-11
4.9951e-11
5.9924e-11
6.8463e-11
8.1868e-11
1.0044e-10
1.1893e-10
1.4508e-10
1.7239e-10
2.0539e-10
2.3931e-10
2.8052e-10
3.1788e-10
3.5199e-10
3.8529e-10
4.0922e-10
4.4317e-10
4.6849e-10
4.7870e-10
4.8564e-10
4.8479e-10
4.7414e-10
4.5374e-10
4.3417e-10
4.1044e-10
3.6565e-10
3.2889e-10
2.8743e-10
2.4528e-10
2.0097e-10
1.6641e-10
1.2489e-10
9.5120e-11
7.0508e-11
5.3760e-11
4.4349e-11
3.7899e-11
4.8400e-11
5.7931e-11
7.8749e-11
1.0529e-10
1.3729e-10
1.7003e-10
2.0653e-10
2.4257e-10
2.7487e-10
3.0106e-10
3.1704e-10
3.3333e-10
3.4705e-10
3.4637e-10
3.4311e-10
3.3813e-10
3.1945e-10
2.9525e-10
2.7470e-10
2.4707e-10
2.2221e-10
2.0022e-10
1.8571e-10
1.7066e-10
1.5514e-10
1.4599e-10
1.5204e-09
7.7752e-09
1.9291e-08
3.5572e-08
5.1089e-08
6.0630e-08
6.2479e-08
5.9689e-08
5.4206e-08
4.8381e-08
4.3422e-08
3.8946e-08
3.2934e-08
2.9184e-08
2.7339e-08
2.6309e-08
2.6035e-08
2.6429e-08
2.6551e-08
2.4882e-08
2.5537e-08
3.0600e-08
3.7735e-08
4.0638e-08
3.6956e-08
2.8624e-08
2.0278e-08
1.5596e-08
1.6803e-08
1.8540e-08
2.0081e-08
2.1277e-08
2.2700e-08
2.4440e-08
2.5228e-08
2.5567e-08
2.5964e-08
2.7585e-08
2.6944e-08
2.3071e-08
1.9933e-08
2.2218e-08
2.8360e-08
3.4713e-08
3.8244e-08
3.5681e-08
3.2340e-08
1.0146e-18
4.4190e-13
2.4848e-12
4.7092e-12
7.2546e-12
1.0193e-11
1.2757e-11
1.6576e-11
2.1661e-11
2.8822e-11
3.7543e-11
4.7678e-11
5.9654e-11
7.3706e-11
8.6440e-11
9.8971e-11
1.0888e-10
1.1625e-10
1.2132e-10
1.2312e-10
1.2197e-10
1.1797e-10
1.1038e-10
1.0267e-10
9.1708e-11
7.8379e-11
6.5359e-11
5.1140e-11
3.8127e-11
2.7847e-11
1.8139e-11
1.1499e-11
9.5360e-12
7.9522e-12
8.7432e-12
1.0946e-11
1.3162e-11
1.5136e-11
1.8007e-11
2.1268e-11
2.2974e-11
1.0153e-20
2.8990e-14
3.4598e-13
1.4443e-12
3.7327e-12
7.2168e-12
1.1871e-11
1.7732e-11
2.3902e-11
3.1682e-11
4.1324e-11
5.2806e-11
6.7207e-11
8.4082e-11
1.0293e-10
1.2323e-10
1.4449e-10
1.6846e-10
1.9086e-10
2.1344e-10
2.3525e-10
2.5721e-10
2.7685e-10
2.9534e-10
3.1231e-10
3.2655e-10
3.3934e-10
3.5282e-10
3.6563e-10
3.8063e-10
3.9523e-10
4.1584e-10
4.3756e-10
4.6142e-10
4.8923e-10
5.1938e-10
5.5721e-10
6.0007e-10
6.4868e-10
6.9913e-10
7.4917e-10
7.9626e-10
8.4064e-10
8.8147e-10
9.2761e-10
9.7723e-10
1.0311e-09
1.0817e-09
1.1271e-09
1.1738e-09
1.2171e-09
1.2530e-09
1.2856e-09
1.3125e-09
1.3392e-09
1.3654e-09
1.3917e-09
1.4097e-09
1.4211e-09
1.4230e-09
1.4238e-09
1.4292e-09
1.4367e-09
1.4374e-09
1.4388e-09
1.4434e-09
1.4462e-09
1.4476e-09
1.4435e-09
1.4412e-09
1.4460e-09
1.6054e-09
1.9744e-09
2.5004e-09
3.1496e-09
3.9193e-09
4.7594e-09
5.6417e-09
6.5509e-09
7.5126e-09
8.4952e-09
9.5298e-09
1.0599e-08
1.1707e-08
1.2917e-08
1.4196e-08
1.5506e-08
1.6823e-08
1.8159e-08
1.9493e-08
2.0737e-08
2.1955e-08
2.3132e-08
2.4228e-08
2.5173e-08
2.5926e-08
2.6570e-08
2.7139e-08
2.7560e-08
2.7859e-08
2.8014e-08
2.8052e-08
2.8006e-08
2.7868e-08
2.7610e-08
2.7359e-08
2.7166e-08
2.6962e-08
2.6730e-08
2.6544e-08
2.6155e-08
2.5593e-08
2.4796e-08
2.3907e-08
2.3007e-08
2.2028e-08
2.1080e-08
2.0455e-08
1.9857e-08
1.9200e-08
1.8523e-08
1.8081e-08
1.7825e-08
1.7483e-08
1.7024e-08
1.6657e-08
1.6184e-08
1.5746e-08
1.5487e-08
1.5271e-08
1.5198e-08
1.5283e-08
1.5459e-08
1.5576e-08
1.5554e-08
1.5523e-08
1.5710e-08
1.5970e-08
1.6128e-08
1.6333e-08
1.6484e-08
1.6694e-08
1.6896e-08
1.7014e-08
1.7063e-08
1.6831e-08
1.6388e-08
1.5981e-08
1.5638e-08
1.5258e-08
1.5050e-08
1.5104e-08
1.5244e-08
1.5338e-08
1.5516e-08
1.5765e-08
1.6020e-08
1.6138e-08
1.6090e-08
1.5963e-08
1.5688e-08
1.5421e-08
1.5130e-08
1.4835e-08
1.4574e-08
1.4281e-08
1.4041e-08
1.3987e-08
1.3826e-08
1.3516e-08
1.3197e-08
1.3025e-08
1.3004e-08
1.2883e-08
1.2693e-08
1.0154e-13
2.2136e-08
5.8261e-08
9.1517e-08
1.3109e-07
1.9406e-07
2.7102e-07
3.7497e-07
4.6925e-07
5.1634e-07
5.1946e-07
4.8300e-07
4.2445e-07
3.3456e-07
2.3004e-07
1.4667e-07
8.9892e-08
7.5125e-08
6.1154e-08
5.0941e-08
5.8870e-08
6.7891e-08
1.0012e-07
1.3934e-07
1.6627e-07
2.1047e-07
2.6273e-07
2.9283e-07
3.0922e-07
2.9049e-07
2.5113e-07
2.0652e-07
1.5659e-07
1.1175e-07
8.0277e-08
6.2605e-08
6.2856e-08
6.9456e-08
8.6036e-08
1.0246e-07
1.1262e-07
1.1827e-07
1.1187e-07
9.9583e-08
8.8243e-08
7.7513e-08
6.2837e-08
5.4411e-08
6.2426e-08
8.4510e-08
1.0280e-07
1.1058e-07
1.1381e-07
1.1503e-07
1.0610e-07
9.4275e-08
8.2375e-08
8.6874e-08
9.8910e-08
1.3746e-07
1.6509e-07
1.8302e-07
2.1182e-07
2.1995e-07
2.3418e-07
2.4067e-07
1.9213e-07
1.5290e-07
1.2923e-07
1.3696e-07
1.2592e-04
6.9497e-04
1.2127e-03
1.0965e-03
7.1947e-04
4.2086e-04
4.1615e-04
3.5190e-04
3.2218e-04
5.2597e-04
4.0096e-04
1.0837e-04
2.4729e-04
3.4957e-04
2.9965e-04
1.0154e-13
2.2136e-08
5.8261e-08
9.1505e-08
1.3071e-07
1.9518e-07
2.7312e-07
3.7106e-07
4.6202e-07
5.0713e-07
5.1163e-07
4.8629e-07
4.3756e-07
3.5292e-07
2.4222e-07
1.5187e-07
9.4875e-08
7.1197e-08
5.8838e-08
4.5785e-08
5.1410e-08
6.6516e-08
1.0209e-07
1.3568e-07
1.4942e-07
1.9848e-07
2.5497e-07
3.0832e-07
3.2116e-07
3.1014e-07
2.8370e-07
2.5018e-07
2.1330e-07
1.5147e-07
9.9465e-08
7.9635e-08
7.5798e-08
7.6598e-08
8.9503e-08
1.1391e-07
1.3631e-07
1.4862e-07
1.5314e-07
1.2917e-07
1.1331e-07
9.7540e-08
7.9530e-08
7.1549e-08
7.6450e-08
9.9399e-08
1.2838e-07
1.4748e-07
1.5214e-07
1.4936e-07
1.3614e-07
1.2214e-07
1.0154e-13
2.2136e-08
5.8261e-08
9.1518e-08
1.3066e-07
1.9278e-07
2.7528e-07
3.7605e-07
4.6890e-07
5.1838e-07
5.2431e-07
4.9193e-07
4.2983e-07
3.2996e-07
2.2085e-07
1.4100e-07
8.6403e-08
6.9419e-08
5.2414e-08
5.1603e-08
5.0139e-08
6.0577e-08
8.7943e-08
1.1391e-07
1.3897e-07
1.7392e-07
1.0154e-13
2.2136e-08
5.8261e-08
9.1505e-08
1.3079e-07
1.9391e-07
2.7084e-07
3.7951e-07
4.7071e-07
5.1561e-07
5.1447e-07
4.7244e-07
4.0739e-07
3.1877e-07
2.1399e-07
1.3701e-07
1.0154e-13
2.2136e-08
5.8261e-08
9.1517e-08
1.3066e-07
1.9278e-07
2.7528e-07
3.7605e-07
4.6861e-07
5.1322e-07
5.1238e-07
4.6878e-07
4.0657e-07
3.1664e-07
2.0668e-07
1.3134e-07
8.8266e-08
7.0752e-08
5.3413e-08
4.7478e-08
4.5653e-08
6.8638e-08
9.8276e-08
1.2712e-07
1.5958e-07
1.9912e-07
2.6711e-07
3.2519e-07
3.4983e-07
3.3642e-07
2.9481e-07
2.4743e-07
2.0602e-07
1.5526e-07
1.1059e-07
9.0791e-08
8.3159e-08
1.0333e-07
1.2358e-07
1.3398e-07
1.4837e-07
1.5221e-07
1.5900e-07
1.5289e-07
1.2623e-07
1.0122e-07
8.4670e-08
1.0154e-13
2.2136e-08
5.8261e-08
9.1517e-08
1.3109e-07
1.9404e-07
2.7132e-07
3.7406e-07
4.5925e-07
5.0480e-07
5.0388e-07
4.6532e-07
4.0322e-07
3.1657e-07
2.1836e-07
1.4133e-07
8.9188e-08
6.9137e-08
5.1990e-08
4.6443e-08
5.3641e-08
6.6667e-08
9.8491e-08
1.3333e-07
1.4672e-07
1.7837e-07
2.2656e-07
2.6507e-07
2.9764e-07
2.9563e-07
2.7596e-07
2.4431e-07
2.0764e-07
1.5029e-07
1.0243e-07
7.0727e-08
5.9946e-08
7.0441e-08
9.5377e-08
1.2335e-07
1.4497e-07
1.5740e-07
1.4762e-07
1.3292e-07
1.1500e-07
8.9845e-08
7.2170e-08
6.1079e-08
6.3356e-08
9.5242e-08
1.3002e-07
1.4394e-07
1.5287e-07
1.5074e-07
1.3524e-07
1.1838e-07
9.5397e-08
7.7092e-08
8.8745e-08
1.3332e-07
1.7417e-07
2.1956e-07
2.5504e-07
2.7735e-07
3.0206e-07
2.9189e-07
2.4579e-07
1.7599e-07
1.2520e-07
1.5243e-07
1.1706e-04
6.7909e-04
1.2057e-03
1.0919e-03
7.1840e-04
4.1946e-04
4.1627e-04
3.5583e-04
3.1754e-04
5.1864e-04
4.0814e-04
1.1017e-04
2.4076e-04
3.4627e-04
2.9434e-04
3.7183e-04
3.0246e-04
3.1342e-04
4.7751e-04
3.7687e-04
2.1903e-04
2.0357e-04
2.9346e-04
2.6489e-04
2.3355e-04
3.0729e-04
2.7030e-04
3.6625e-04
4.0815e-04
2.3133e-04
1.9369e-04
2.9534e-04
2.0528e-04
1.8929e-04
2.9650e-04
2.2445e-04
3.4846e-04
3.7773e-04
2.1906e-04
2.8082e-04
3.0481e-04
2.0268e-04
1.6394e-04
2.2832e-04
2.2210e-04
2.5508e-04
3.0898e-04
2.2740e-04
2.1885e-04
3.0946e-04
2.4464e-04
1.5902e-04
1.9029e-04
1.9314e-04
2.1510e-04
2.9233e-04
1.9311e-04
2.0127e-04
3.1322e-04
2.7213e-04
1.7604e-04
1.8790e-04
1.8236e-04
1.9780e-04
2.3989e-04
1.6765e-04
1.6001e-04
2.3470e-04
2.8083e-04
1.7611e-04
1.6225e-04
1.9392e-04
1.8787e-04
2.1850e-04
1.8238e-04
1.5359e-04
1.6569e-04
3.3971e-04
4.0238e-04
2.8056e-04
3.3351e-04
4.0767e-04
5.0156e-04
4.7612e-04
3.6615e-04
4.3496e-04
5.7028e-04
5.6291e-04
6.0859e-04
6.5616e-04
6.1423e-04
6.6183e-04
6.1169e-04
5.1779e-04
5.0887e-04
4.3141e-04
4.9485e-04
4.2336e-04
3.7842e-04
3.6601e-04
3.5832e-04
3.2201e-04
