1.1833e-13
nan
nan
nan
nan
nan
nan
nan
nan
nan
nan
nan
1.0619e-16
nan
nan
nan
nan
nan
nan
nan
nan
1.0153e-18
7.7093e-13
4.5262e-12
1.1031e-11
1.7536e-11
2.4181e-11
3.2769e-11
4.1344e-11
4.9952e-11
5.9925e-11
6.8464e-11
8.1868e-11
1.0044e-10
1.1893e-10
1.4508e-10
1.7239e-10
2.0539e-10
2.3931e-10
2.8052e-10
3.1788e-10
3.5199e-10
3.8529e-10
4.0922e-10
4.4317e-10
4.6849e-10
4.7870e-10
4.8564e-10
4.8480e-10
4.7414e-10
4.5374e-10
4.3418e-10
4.1044e-10
3.6566e-10
3.2889e-10
2.8743e-10
2.4528e-10
2.0097e-10
1.6641e-10
1.2489e-10
9.5121e-11
7.0509e-11
5.3761e-11
4.4350e-11
3.7900e-11
4.8401e-11
5.7931e-11
7.8750e-11
1.0529e-10
1.3729e-10
1.7004e-10
2.0653e-10
2.4257e-10
2.7488e-10
3.0106e-10
3.1704e-10
3.3333e-10
3.4705e-10
3.4637e-10
3.4312e-10
3.3813e-10
3.1945e-10
2.9526e-10
2.7470e-10
2.4707e-10
2.2221e-10
2.0022e-10
1.8571e-10
1.7066e-10
1.5514e-10
1.4600e-10
1.5236e-09
7.7754e-09
1.9291e-08
3.5574e-08
5.1091e-08
6.0632e-08
6.2482e-08
5.9690e-08
5.4206e-08
4.8381e-08
4.3422e-08
3.8946e-08
3.2934e-08
2.9184e-08
2.7339e-08
2.6309e-08
2.6035e-08
2.6429e-08
2.6551e-08
2.4882e-08
2.5537e-08
3.0600e-08
3.7735e-08
4.0638e-08
3.6956e-08
2.8624e-08
2.0278e-08
1.5596e-08
1.6803e-08
1.8540e-08
2.0081e-08
2.1277e-08
2.2700e-08
2.4440e-08
2.5228e-08
2.5568e-08
2.5964e-08
2.7586e-08
2.6944e-08
2.3071e-08
1.9933e-08
2.2219e-08
2.8361e-08
3.4713e-08
3.8244e-08
3.5681e-08
3.2340e-08
1.0146e-18
4.4199e-13
2.4850e-12
4.7095e-12
7.2551e-12
1.0194e-11
1.2758e-11
1.6577e-11
2.1662e-11
2.8823e-11
3.7543e-11
4.7678e-11
5.9655e-11
7.3707e-11
8.6441e-11
9.8972e-11
1.0888e-10
1.1625e-10
1.2132e-10
1.2312e-10
1.2197e-10
1.1797e-10
1.1038e-10
1.0267e-10
9.1709e-11
7.8380e-11
6.5360e-11
5.1141e-11
3.8128e-11
2.7848e-11
1.8139e-11
1.1500e-11
9.5368e-12
7.9529e-12
8.7438e-12
1.0947e-11
1.3162e-11
1.5137e-11
1.8007e-11
2.1269e-11
2.2974e-11
1.0153e-20
2.8990e-14
3.4598e-13
1.4443e-12
3.7327e-12
7.2168e-12
1.1871e-11
1.7732e-11
2.3902e-11
3.1682e-11
4.1324e-11
5.2806e-11
6.7207e-11
8.4083e-11
1.0293e-10
1.2323e-10
1.4449e-10
1.6846e-10
1.9086e-10
2.1344e-10
2.3525e-10
2.5721e-10
2.7685e-10
2.9534e-10
3.1231e-10
3.2655e-10
3.3934e-10
3.5283e-10
3.6563e-10
3.8063e-10
3.9523e-10
4.1584e-10
4.3757e-10
4.6142e-10
4.8923e-10
5.1938e-10
5.5721e-10
6.0007e-10
6.4868e-10
6.9914e-10
7.4917e-10
7.9626e-10
8.4065e-10
8.8147e-10
9.2761e-10
9.7723e-10
1.0311e-09
1.0818e-09
1.1271e-09
1.1738e-09
1.2171e-09
1.2530e-09
1.2856e-09
1.3125e-09
1.3392e-09
1.3654e-09
1.3917e-09
1.4097e-09
1.4211e-09
1.4230e-09
1.4238e-09
1.4292e-09
1.4367e-09
1.4374e-09
1.4388e-09
1.4434e-09
1.4462e-09
1.4476e-09
1.4435e-09
1.4412e-09
1.4473e-09
1.6054e-09
1.9754e-09
2.5007e-09
3.1500e-09
3.9194e-09
4.7594e-09
5.6417e-09
6.5509e-09
7.5126e-09
8.4959e-09
9.5298e-09
1.0599e-08
1.1707e-08
1.2917e-08
1.4196e-08
1.5506e-08
1.6823e-08
1.8159e-08
1.9493e-08
2.0737e-08
2.1955e-08
2.3132e-08
2.4228e-08
2.5173e-08
2.5928e-08
2.6570e-08
2.7139e-08
2.7560e-08
2.7859e-08
2.8014e-08
2.8052e-08
2.8006e-08
2.7868e-08
2.7610e-08
2.7359e-08
2.7166e-08
2.6966e-08
2.6730e-08
2.6544e-08
2.6155e-08
2.5593e-08
2.4796e-08
2.3907e-08
2.3007e-08
2.2028e-08
2.1080e-08
2.0455e-08
1.9857e-08
1.9200e-08
1.8523e-08
1.8081e-08
1.7825e-08
1.7483e-08
1.7025e-08
1.6657e-08
1.6184e-08
1.5746e-08
1.5487e-08
1.5271e-08
1.5198e-08
1.5283e-08
1.5459e-08
1.5576e-08
1.5554e-08
1.5523e-08
1.5710e-08
1.5970e-08
1.6129e-08
1.6333e-08
1.6484e-08
1.6694e-08
1.6896e-08
1.7014e-08
1.7063e-08
1.6831e-08
1.6388e-08
1.5981e-08
1.5638e-08
1.5258e-08
1.5050e-08
1.5104e-08
1.5244e-08
1.5338e-08
1.5516e-08
1.5765e-08
1.6020e-08
1.6138e-08
1.6090e-08
1.5963e-08
1.5689e-08
1.5421e-08
1.5130e-08
1.4835e-08
1.4574e-08
1.4281e-08
1.4041e-08
1.3987e-08
1.3826e-08
1.3516e-08
1.3197e-08
1.3025e-08
1.3004e-08
1.2883e-08
1.2693e-08
1.0154e-13
2.2144e-08
5.8274e-08
9.1537e-08
1.3111e-07
1.9409e-07
2.7105e-07
3.7500e-07
4.6928e-07
5.1637e-07
5.1948e-07
4.8302e-07
4.2448e-07
3.3459e-07
2.3007e-07
1.4670e-07
8.9916e-08
7.5149e-08
6.1178e-08
5.0965e-08
5.8894e-08
6.7915e-08
1.0015e-07
1.3936e-07
1.6629e-07
2.1049e-07
2.6276e-07
2.9286e-07
3.0924e-07
2.9052e-07
2.5116e-07
2.0654e-07
1.5662e-07
1.1177e-07
8.0298e-08
6.2624e-08
6.2874e-08
6.9472e-08
8.6055e-08
1.0248e-07
1.1264e-07
1.1829e-07
1.1189e-07
9.9600e-08
8.8262e-08
7.7532e-08
6.2853e-08
5.4427e-08
6.2442e-08
8.4527e-08
1.0282e-07
1.1059e-07
1.1383e-07
1.1505e-07
1.0612e-07
9.4298e-08
8.2399e-08
8.6899e-08
9.8936e-08
1.3749e-07
1.6512e-07
1.8305e-07
2.1185e-07
2.1999e-07
2.3422e-07
2.4071e-07
1.9217e-07
1.5293e-07
1.2927e-07
1.3700e-07
1.2594e-04
6.9511e-04
1.2127e-03
1.0965e-03
7.1948e-04
4.2087e-04
4.1616e-04
3.5191e-04
3.2218e-04
5.2598e-04
4.0097e-04
1.0837e-04
2.4730e-04
3.4958e-04
2.9966e-04
