0 1
1 21
1 22
1 2
2 23
1 23
2 3
3 23
3 24
3 4
4 25
3 25
4 5
5 25
5 26
5 6
6 27
5 27
6 7
7 27
7 28
7 8
8 29
7 29
8 9
9 29
9 30
9 10
10 31
9 31
10 11
11 31
11 32
11 12
12 33
11 33
12 13
13 33
13 34
13 14
14 35
13 35
14 15
15 35
15 36
15 16
16 37
15 37
16 17
17 37
17 38
17 18
18 39
17 39
18 19
19 39
19 40
19 20
20 41
19 41
21 22
22 43
21 43
22 23
23 43
23 44
23 24
24 45
23 45
24 25
25 45
25 46
25 26
26 47
25 47
26 27
27 47
27 48
27 28
28 49
27 49
28 29
29 49
29 50
29 30
30 51
29 51
30 31
31 51
31 52
31 32
32 53
31 53
32 33
33 53
33 54
33 34
34 55
33 55
34 35
35 55
35 56
35 36
36 57
35 57
36 37
37 57
37 58
37 38
38 59
37 59
38 39
39 59
39 60
39 40
40 61
39 61
40 41
41 61
41 62
42 43
43 63
43 64
43 44
44 65
43 65
44 45
45 65
45 66
45 46
46 67
45 67
46 47
47 67
47 68
47 48
48 69
47 69
48 49
49 69
49 70
49 50
50 71
49 71
50 51
51 71
51 72
51 52
52 73
51 73
52 53
53 73
53 74
53 54
54 75
53 75
54 55
55 75
55 76
55 56
56 77
55 77
56 57
57 77
57 78
57 58
58 79
57 79
58 59
59 79
59 80
59 60
60 81
59 81
60 61
61 81
61 82
61 62
62 83
61 83
63 64
64 85
63 85
64 65
65 85
65 86
65 66
66 87
65 87
66 67
67 87
67 88
67 68
68 89
67 89
68 69
69 89
69 90
69 70
70 91
69 91
70 71
71 91
71 92
71 72
72 93
71 93
72 73
73 93
73 94
73 74
74 95
73 95
74 75
75 95
75 96
75 76
76 97
75 97
76 77
77 97
77 98
77 78
78 99
77 99
78 79
79 99
79 100
79 80
80 101
79 101
80 81
81 101
81 102
81 82
82 103
81 103
82 83
83 103
83 104
84 85
85 105
85 106
85 86
86 107
85 107
86 87
87 107
87 108
87 88
88 109
87 109
88 89
89 109
89 110
89 90
90 111
89 111
90 91
91 111
91 112
91 92
92 113
91 113
92 93
93 113
93 114
93 94
94 115
93 115
94 95
95 115
95 116
95 96
96 117
95 117
96 97
97 117
97 118
97 98
98 119
97 119
98 99
99 119
99 120
99 100
100 121
99 121
100 101
101 121
101 122
101 102
102 123
101 123
102 103
103 123
103 124
103 104
104 125
103 125
105 106
106 127
105 127
106 107
107 127
107 128
107 108
108 129
107 129
108 109
109 129
109 130
109 110
110 131
109 131
110 111
111 131
111 132
111 112
112 133
111 133
112 113
113 133
113 134
113 114
114 135
113 135
114 115
115 135
115 136
115 116
116 137
115 137
116 117
117 137
117 138
117 118
118 139
117 139
118 119
119 139
119 140
119 120
120 141
119 141
120 121
121 141
121 142
121 122
122 143
121 143
122 123
123 143
123 144
123 124
124 145
123 145
124 125
125 145
125 146
126 127
127 147
127 148
127 128
128 149
127 149
128 129
129 149
129 150
129 130
130 151
129 151
130 131
131 151
131 152
131 132
132 153
131 153
132 133
133 153
133 154
133 134
134 155
133 155
134 135
135 155
135 156
135 136
136 157
135 157
136 137
137 157
137 158
137 138
138 159
137 159
138 139
139 159
139 160
139 140
140 161
139 161
140 141
141 161
141 162
141 142
142 163
141 163
142 143
143 163
143 164
143 144
144 165
143 165
144 145
145 165
145 166
145 146
146 167
145 167
147 148
148 169
147 169
148 149
149 169
149 170
149 150
150 171
149 171
150 151
151 171
151 172
151 152
152 173
151 173
152 153
153 173
153 174
153 154
154 175
153 175
154 155
155 175
155 176
155 156
156 177
155 177
156 157
157 177
157 178
157 158
158 179
157 179
158 159
159 179
159 180
159 160
160 181
159 181
160 161
161 181
161 182
161 162
162 183
161 183
162 163
163 183
163 184
163 164
164 185
163 185
164 165
165 185
165 186
165 166
166 187
165 187
166 167
167 187
167 188
168 169
169 189
169 190
169 170
170 191
169 191
170 171
171 191
171 192
171 172
172 193
171 193
172 173
173 193
173 194
173 174
174 195
173 195
174 175
175 195
175 196
175 176
176 197
175 197
176 177
177 197
177 198
177 178
178 199
177 199
178 179
179 199
179 200
179 180
180 201
179 201
180 181
181 201
181 202
181 182
182 203
181 203
182 183
183 203
183 204
183 184
184 205
183 205
184 185
185 205
185 206
185 186
186 207
185 207
186 187
187 207
187 208
187 188
188 209
187 209
189 190
190 211
189 211
190 191
191 211
191 212
191 192
192 213
191 213
192 193
193 213
193 214
193 194
194 215
193 215
194 195
195 215
195 216
195 196
196 217
195 217
196 197
197 217
197 218
197 198
198 219
197 219
198 199
199 219
199 220
199 200
200 221
199 221
200 201
201 221
201 222
201 202
202 223
201 223
202 203
203 223
203 224
203 204
204 225
203 225
204 205
205 225
205 226
205 206
206 227
205 227
206 207
207 227
207 228
207 208
208 229
207 229
208 209
209 229
209 230
210 211
211 231
211 232
211 212
212 233
211 233
212 213
213 233
213 234
213 214
214 235
213 235
214 215
215 235
215 236
215 216
216 237
215 237
216 217
217 237
217 238
217 218
218 239
217 239
218 219
219 239
219 240
219 220
220 241
219 241
220 221
221 241
221 242
221 222
222 243
221 243
222 223
223 243
223 244
223 224
224 245
223 245
224 225
225 245
225 246
225 226
226 247
225 247
226 227
227 247
227 248
227 228
228 249
227 249
228 229
229 249
229 250
229 230
230 251
229 251
231 232
232 253
231 253
232 233
233 253
233 254
233 234
234 255
233 255
234 235
235 255
235 256
235 236
236 257
235 257
236 237
237 257
237 258
237 238
238 259
237 259
238 239
239 259
239 260
239 240
240 261
239 261
240 241
241 261
241 262
241 242
242 263
241 263
242 243
243 263
243 264
243 244
244 265
243 265
244 245
245 265
245 266
245 246
246 267
245 267
246 247
247 267
247 268
247 248
248 269
247 269
248 249
249 269
249 270
249 250
250 271
249 271
250 251
251 271
251 272
252 253
253 273
253 274
253 254
254 275
253 275
254 255
255 275
255 276
255 256
256 277
255 277
256 257
257 277
257 278
257 258
258 279
257 279
258 259
259 279
259 280
259 260
260 281
259 281
260 261
261 281
261 282
261 262
262 283
261 283
262 263
263 283
263 284
263 264
264 285
263 285
264 265
265 285
265 286
265 266
266 287
265 287
266 267
267 287
267 288
267 268
268 289
267 289
268 269
269 289
269 290
269 270
270 291
269 291
270 271
271 291
271 292
271 272
272 293
271 293
273 274
274 295
273 295
274 275
275 295
275 296
275 276
276 297
275 297
276 277
277 297
277 298
277 278
278 299
277 299
278 279
279 299
279 300
279 280
280 301
279 301
280 281
281 301
281 302
281 282
282 303
281 303
282 283
283 303
283 304
283 284
284 305
283 305
284 285
285 305
285 306
285 286
286 307
285 307
286 287
287 307
287 308
287 288
288 309
287 309
288 289
289 309
289 310
289 290
290 311
289 311
290 291
291 311
291 312
291 292
292 313
291 313
292 293
293 313
293 314
294 295
295 315
295 316
295 296
296 317
295 317
296 297
297 317
297 318
297 298
298 319
297 319
298 299
299 319
299 320
299 300
300 321
299 321
300 301
301 321
301 322
301 302
302 323
301 323
302 303
303 323
303 324
303 304
304 325
303 325
304 305
305 325
305 326
305 306
306 327
305 327
306 307
307 327
307 328
307 308
308 329
307 329
308 309
309 329
309 330
309 310
310 331
309 331
310 311
311 331
311 332
311 312
312 333
311 333
312 313
313 333
313 334
313 314
314 335
313 335
315 316
316 337
315 337
316 317
317 337
317 338
317 318
318 339
317 339
318 319
319 339
319 340
319 320
320 341
319 341
320 321
321 341
321 342
321 322
322 343
321 343
322 323
323 343
323 344
323 324
324 345
323 345
324 325
325 345
325 346
325 326
326 347
325 347
326 327
327 347
327 348
327 328
328 349
327 349
328 329
329 349
329 350
329 330
330 351
329 351
330 331
331 351
331 352
331 332
332 353
331 353
332 333
333 353
333 354
333 334
334 355
333 355
334 335
335 355
335 356
336 337
337 357
337 358
337 338
338 359
337 359
338 339
339 359
339 360
339 340
340 361
339 361
340 341
341 361
341 362
341 342
342 363
341 363
342 343
343 363
343 364
343 344
344 365
343 365
344 345
345 365
345 366
345 346
346 367
345 367
346 347
347 367
347 368
347 348
348 369
347 369
348 349
349 369
349 370
349 350
350 371
349 371
350 351
351 371
351 372
351 352
352 373
351 373
352 353
353 373
353 374
353 354
354 375
353 375
354 355
355 375
355 376
355 356
356 377
355 377
357 358
358 379
357 379
358 359
359 379
359 380
359 360
360 381
359 381
360 361
361 381
361 382
361 362
362 383
361 383
362 363
363 383
363 384
363 364
364 385
363 385
364 365
365 385
365 386
365 366
366 387
365 387
366 367
367 387
367 388
367 368
368 389
367 389
368 369
369 389
369 390
369 370
370 391
369 391
370 371
371 391
371 392
371 372
372 393
371 393
372 373
373 393
373 394
373 374
374 395
373 395
374 375
375 395
375 396
375 376
376 397
375 397
376 377
377 397
377 398
378 379
379 399
379 400
379 380
380 401
379 401
380 381
381 401
381 402
381 382
382 403
381 403
382 383
383 403
383 404
383 384
384 405
383 405
384 385
385 405
385 406
385 386
386 407
385 407
386 387
387 407
387 408
387 388
388 409
387 409
388 389
389 409
389 410
389 390
390 411
389 411
390 391
391 411
391 412
391 392
392 413
391 413
392 393
393 413
393 414
393 394
394 415
393 415
394 395
395 415
395 416
395 396
396 417
395 417
396 397
397 417
397 418
397 398
398 419
397 419
399 400
400 421
399 421
400 401
401 421
401 422
401 402
402 423
401 423
402 403
403 423
403 424
403 404
404 425
403 425
404 405
405 425
405 426
405 406
406 427
405 427
406 407
407 427
407 428
407 408
408 429
407 429
408 409
409 429
409 430
409 410
410 431
409 431
410 411
411 431
411 432
411 412
412 433
411 433
412 413
413 433
413 434
413 414
414 435
413 435
414 415
415 435
415 436
415 416
416 437
415 437
416 417
417 437
417 438
417 418
418 439
417 439
418 419
419 439
419 440
21 0
42 21
63 42
84 63
105 84
126 105
147 126
168 147
189 168
210 189
231 210
252 231
273 252
294 273
315 294
336 315
357 336
378 357
399 378
421 420
420 399
422 421
423 422
424 423
425 424
426 425
427 426
428 427
429 428
430 429
431 430
432 431
433 432
434 433
435 434
436 435
437 436
438 437
439 438
440 439
