-5  8 -5
    -5 7.5075 -4.913
    -5  7.015 -4.826
    -5 6.5225 -4.739
    -5   6.03 -4.652
    -5 5.5375 -4.565
    -5  5.045 -4.478
    -5 4.5525 -4.391
    -5   4.06 -4.304
    -5 3.5675 -4.217
   -5 3.075 -4.13
    -5 2.5825 -4.043
    -5   2.09 -3.956
    -5 1.5975 -3.869
    -5  1.105 -3.782
    -5 0.6125 -3.695
    -5   0.12 -3.608
     -5 -0.3725  -3.521
    -5 -0.865 -3.434
     -5 -1.3575  -3.347
   -5 -1.85 -3.26
-4.5    8   -5
  -4.5 7.5075 -4.913
  -4.5  7.015 -4.826
  -4.5 6.5225 -4.739
  -4.5   6.03 -4.652
  -4.5 5.5375 -4.565
  -4.5  5.045 -4.478
  -4.5 4.5525 -4.391
  -4.5   4.06 -4.304
  -4.5 3.5675 -4.217
 -4.5 3.075 -4.13
  -4.5 2.5825 -4.043
  -4.5   2.09 -3.956
  -4.5 1.5975 -3.869
  -4.5  1.105 -3.782
  -4.5 0.6125 -3.695
  -4.5   0.12 -3.608
   -4.5 -0.3725  -3.521
  -4.5 -0.865 -3.434
   -4.5 -1.3575  -3.347
 -4.5 -1.85 -3.26
-4  8 -5
    -4 7.5075 -4.913
    -4  7.015 -4.826
    -4 6.5225 -4.739
    -4   6.03 -4.652
    -4 5.5375 -4.565
    -4  5.045 -4.478
    -4 4.5525 -4.391
    -4   4.06 -4.304
    -4 3.5675 -4.217
   -4 3.075 -4.13
    -4 2.5825 -4.043
    -4   2.09 -3.956
    -4 1.5975 -3.869
    -4  1.105 -3.782
    -4 0.6125 -3.695
    -4   0.12 -3.608
     -4 -0.3725  -3.521
    -4 -0.865 -3.434
     -4 -1.3575  -3.347
   -4 -1.85 -3.26
-3.5    8   -5
  -3.5 7.5075 -4.913
  -3.5  7.015 -4.826
  -3.5 6.5225 -4.739
  -3.5   6.03 -4.652
  -3.5 5.5375 -4.565
  -3.5  5.045 -4.478
  -3.5 4.5525 -4.391
  -3.5   4.06 -4.304
  -3.5 3.5675 -4.217
 -3.5 3.075 -4.13
  -3.5 2.5825 -4.043
  -3.5   2.09 -3.956
  -3.5 1.5975 -3.869
  -3.5  1.105 -3.782
  -3.5 0.6125 -3.695
  -3.5   0.12 -3.608
   -3.5 -0.3725  -3.521
  -3.5 -0.865 -3.434
   -3.5 -1.3575  -3.347
 -3.5 -1.85 -3.26
-3  8 -5
    -3 7.5075 -4.913
    -3  7.015 -4.826
    -3 6.5225 -4.739
    -3   6.03 -4.652
    -3 5.5375 -4.565
    -3  5.045 -4.478
    -3 4.5525 -4.391
    -3   4.06 -4.304
    -3 3.5675 -4.217
   -3 3.075 -4.13
    -3 2.5825 -4.043
    -3   2.09 -3.956
    -3 1.5975 -3.869
    -3  1.105 -3.782
    -3 0.6125 -3.695
    -3   0.12 -3.608
     -3 -0.3725  -3.521
    -3 -0.865 -3.434
     -3 -1.3575  -3.347
   -3 -1.85 -3.26
-2.5    8   -5
  -2.5 7.5075 -4.913
  -2.5  7.015 -4.826
  -2.5 6.5225 -4.739
  -2.5   6.03 -4.652
  -2.5 5.5375 -4.565
  -2.5  5.045 -4.478
  -2.5 4.5525 -4.391
  -2.5   4.06 -4.304
  -2.5 3.5675 -4.217
 -2.5 3.075 -4.13
  -2.5 2.5825 -4.043
  -2.5   2.09 -3.956
  -2.5 1.5975 -3.869
  -2.5  1.105 -3.782
  -2.5 0.6125 -3.695
  -2.5   0.12 -3.608
   -2.5 -0.3725  -3.521
  -2.5 -0.865 -3.434
   -2.5 -1.3575  -3.347
 -2.5 -1.85 -3.26
-2  8 -5
    -2 7.5075 -4.913
    -2  7.015 -4.826
    -2 6.5225 -4.739
    -2   6.03 -4.652
    -2 5.5375 -4.565
    -2  5.045 -4.478
    -2 4.5525 -4.391
    -2   4.06 -4.304
    -2 3.5675 -4.217
   -2 3.075 -4.13
    -2 2.5825 -4.043
    -2   2.09 -3.956
    -2 1.5975 -3.869
    -2  1.105 -3.782
    -2 0.6125 -3.695
    -2   0.12 -3.608
     -2 -0.3725  -3.521
    -2 -0.865 -3.434
     -2 -1.3575  -3.347
   -2 -1.85 -3.26
-1.5    8   -5
  -1.5 7.5075 -4.913
  -1.5  7.015 -4.826
  -1.5 6.5225 -4.739
  -1.5   6.03 -4.652
  -1.5 5.5375 -4.565
  -1.5  5.045 -4.478
  -1.5 4.5525 -4.391
  -1.5   4.06 -4.304
  -1.5 3.5675 -4.217
 -1.5 3.075 -4.13
  -1.5 2.5825 -4.043
  -1.5   2.09 -3.956
  -1.5 1.5975 -3.869
  -1.5  1.105 -3.782
  -1.5 0.6125 -3.695
  -1.5   0.12 -3.608
   -1.5 -0.3725  -3.521
  -1.5 -0.865 -3.434
   -1.5 -1.3575  -3.347
 -1.5 -1.85 -3.26
-1  8 -5
    -1 7.5075 -4.913
    -1  7.015 -4.826
    -1 6.5225 -4.739
    -1   6.03 -4.652
    -1 5.5375 -4.565
    -1  5.045 -4.478
    -1 4.5525 -4.391
    -1   4.06 -4.304
    -1 3.5675 -4.217
   -1 3.075 -4.13
    -1 2.5825 -4.043
    -1   2.09 -3.956
    -1 1.5975 -3.869
    -1  1.105 -3.782
    -1 0.6125 -3.695
    -1   0.12 -3.608
     -1 -0.3725  -3.521
    -1 -0.865 -3.434
     -1 -1.3575  -3.347
   -1 -1.85 -3.26
-0.5    8   -5
  -0.5 7.5075 -4.913
  -0.5  7.015 -4.826
  -0.5 6.5225 -4.739
  -0.5   6.03 -4.652
  -0.5 5.5375 -4.565
  -0.5  5.045 -4.478
  -0.5 4.5525 -4.391
  -0.5   4.06 -4.304
  -0.5 3.5675 -4.217
 -0.5 3.075 -4.13
  -0.5 2.5825 -4.043
  -0.5   2.09 -3.956
  -0.5 1.5975 -3.869
  -0.5  1.105 -3.782
  -0.5 0.6125 -3.695
  -0.5   0.12 -3.608
   -0.5 -0.3725  -3.521
  -0.5 -0.865 -3.434
   -0.5 -1.3575  -3.347
 -0.5 -1.85 -3.26
 0  8 -5
     0 7.5075 -4.913
     0  7.015 -4.826
     0 6.5225 -4.739
     0   6.03 -4.652
     0 5.5375 -4.565
     0  5.045 -4.478
     0 4.5525 -4.391
     0   4.06 -4.304
     0 3.5675 -4.217
    0 3.075 -4.13
     0 2.5825 -4.043
     0   2.09 -3.956
     0 1.5975 -3.869
     0  1.105 -3.782
     0 0.6125 -3.695
     0   0.12 -3.608
      0 -0.3725  -3.521
     0 -0.865 -3.434
      0 -1.3575  -3.347
    0 -1.85 -3.26
0.5   8  -5
   0.5 7.5075 -4.913
   0.5  7.015 -4.826
   0.5 6.5225 -4.739
   0.5   6.03 -4.652
   0.5 5.5375 -4.565
   0.5  5.045 -4.478
   0.5 4.5525 -4.391
   0.5   4.06 -4.304
   0.5 3.5675 -4.217
  0.5 3.075 -4.13
   0.5 2.5825 -4.043
   0.5   2.09 -3.956
   0.5 1.5975 -3.869
   0.5  1.105 -3.782
   0.5 0.6125 -3.695
   0.5   0.12 -3.608
    0.5 -0.3725  -3.521
   0.5 -0.865 -3.434
    0.5 -1.3575  -3.347
  0.5 -1.85 -3.26
 1  8 -5
     1 7.5075 -4.913
     1  7.015 -4.826
     1 6.5225 -4.739
     1   6.03 -4.652
     1 5.5375 -4.565
     1  5.045 -4.478
     1 4.5525 -4.391
     1   4.06 -4.304
     1 3.5675 -4.217
    1 3.075 -4.13
     1 2.5825 -4.043
     1   2.09 -3.956
     1 1.5975 -3.869
     1  1.105 -3.782
     1 0.6125 -3.695
     1   0.12 -3.608
      1 -0.3725  -3.521
     1 -0.865 -3.434
      1 -1.3575  -3.347
    1 -1.85 -3.26
1.5   8  -5
   1.5 7.5075 -4.913
   1.5  7.015 -4.826
   1.5 6.5225 -4.739
   1.5   6.03 -4.652
   1.5 5.5375 -4.565
   1.5  5.045 -4.478
   1.5 4.5525 -4.391
   1.5   4.06 -4.304
   1.5 3.5675 -4.217
  1.5 3.075 -4.13
   1.5 2.5825 -4.043
   1.5   2.09 -3.956
   1.5 1.5975 -3.869
   1.5  1.105 -3.782
   1.5 0.6125 -3.695
   1.5   0.12 -3.608
    1.5 -0.3725  -3.521
   1.5 -0.865 -3.434
    1.5 -1.3575  -3.347
  1.5 -1.85 -3.26
 2  8 -5
     2 7.5075 -4.913
     2  7.015 -4.826
     2 6.5225 -4.739
     2   6.03 -4.652
     2 5.5375 -4.565
     2  5.045 -4.478
     2 4.5525 -4.391
     2   4.06 -4.304
     2 3.5675 -4.217
    2 3.075 -4.13
     2 2.5825 -4.043
     2   2.09 -3.956
     2 1.5975 -3.869
     2  1.105 -3.782
     2 0.6125 -3.695
     2   0.12 -3.608
      2 -0.3725  -3.521
     2 -0.865 -3.434
      2 -1.3575  -3.347
    2 -1.85 -3.26
2.5   8  -5
   2.5 7.5075 -4.913
   2.5  7.015 -4.826
   2.5 6.5225 -4.739
   2.5   6.03 -4.652
   2.5 5.5375 -4.565
   2.5  5.045 -4.478
   2.5 4.5525 -4.391
   2.5   4.06 -4.304
   2.5 3.5675 -4.217
  2.5 3.075 -4.13
   2.5 2.5825 -4.043
   2.5   2.09 -3.956
   2.5 1.5975 -3.869
   2.5  1.105 -3.782
   2.5 0.6125 -3.695
   2.5   0.12 -3.608
    2.5 -0.3725  -3.521
   2.5 -0.865 -3.434
    2.5 -1.3575  -3.347
  2.5 -1.85 -3.26
 3  8 -5
     3 7.5075 -4.913
     3  7.015 -4.826
     3 6.5225 -4.739
     3   6.03 -4.652
     3 5.5375 -4.565
     3  5.045 -4.478
     3 4.5525 -4.391
     3   4.06 -4.304
     3 3.5675 -4.217
    3 3.075 -4.13
     3 2.5825 -4.043
     3   2.09 -3.956
     3 1.5975 -3.869
     3  1.105 -3.782
     3 0.6125 -3.695
     3   0.12 -3.608
      3 -0.3725  -3.521
     3 -0.865 -3.434
      3 -1.3575  -3.347
    3 -1.85 -3.26
3.5   8  -5
   3.5 7.5075 -4.913
   3.5  7.015 -4.826
   3.5 6.5225 -4.739
   3.5   6.03 -4.652
   3.5 5.5375 -4.565
   3.5  5.045 -4.478
   3.5 4.5525 -4.391
   3.5   4.06 -4.304
   3.5 3.5675 -4.217
  3.5 3.075 -4.13
   3.5 2.5825 -4.043
   3.5   2.09 -3.956
   3.5 1.5975 -3.869
   3.5  1.105 -3.782
   3.5 0.6125 -3.695
   3.5   0.12 -3.608
    3.5 -0.3725  -3.521
   3.5 -0.865 -3.434
    3.5 -1.3575  -3.347
  3.5 -1.85 -3.26
 4  8 -5
     4 7.5075 -4.913
     4  7.015 -4.826
     4 6.5225 -4.739
     4   6.03 -4.652
     4 5.5375 -4.565
     4  5.045 -4.478
     4 4.5525 -4.391
     4   4.06 -4.304
     4 3.5675 -4.217
    4 3.075 -4.13
     4 2.5825 -4.043
     4   2.09 -3.956
     4 1.5975 -3.869
     4  1.105 -3.782
     4 0.6125 -3.695
     4   0.12 -3.608
      4 -0.3725  -3.521
     4 -0.865 -3.434
      4 -1.3575  -3.347
    4 -1.85 -3.26
4.5   8  -5
   4.5 7.5075 -4.913
   4.5  7.015 -4.826
   4.5 6.5225 -4.739
   4.5   6.03 -4.652
   4.5 5.5375 -4.565
   4.5  5.045 -4.478
   4.5 4.5525 -4.391
   4.5   4.06 -4.304
   4.5 3.5675 -4.217
  4.5 3.075 -4.13
   4.5 2.5825 -4.043
   4.5   2.09 -3.956
   4.5 1.5975 -3.869
   4.5  1.105 -3.782
   4.5 0.6125 -3.695
   4.5   0.12 -3.608
    4.5 -0.3725  -3.521
   4.5 -0.865 -3.434
    4.5 -1.3575  -3.347
  4.5 -1.85 -3.26
 5  8 -5
     5 7.5075 -4.913
     5  7.015 -4.826
     5 6.5225 -4.739
     5   6.03 -4.652
     5 5.5375 -4.565
     5  5.045 -4.478
     5 4.5525 -4.391
     5   4.06 -4.304
     5 3.5675 -4.217
    5 3.075 -4.13
     5 2.5825 -4.043
     5   2.09 -3.956
     5 1.5975 -3.869
     5  1.105 -3.782
     5 0.6125 -3.695
     5   0.12 -3.608
      5 -0.3725  -3.521
     5 -0.865 -3.434
      5 -1.3575  -3.347
    5 -1.85 -3.26
