0
1
21
22
21
1
1
2
23
23
22
1
2
3
23
24
23
3
3
4
25
25
24
3
4
5
25
26
25
5
5
6
27
27
26
5
6
7
27
28
27
7
7
8
29
29
28
7
8
9
29
30
29
9
9
10
31
31
30
9
10
11
31
32
31
11
11
12
33
33
32
11
12
13
33
34
33
13
13
14
35
35
34
13
14
15
35
36
35
15
15
16
37
37
36
15
16
17
37
38
37
17
17
18
39
39
38
17
18
19
39
40
39
19
19
20
41
41
40
19
21
22
43
43
42
21
22
23
43
44
43
23
23
24
45
45
44
23
24
25
45
46
45
25
25
26
47
47
46
25
26
27
47
48
47
27
27
28
49
49
48
27
28
29
49
50
49
29
29
30
51
51
50
29
30
31
51
52
51
31
31
32
53
53
52
31
32
33
53
54
53
33
33
34
55
55
54
33
34
35
55
56
55
35
35
36
57
57
56
35
36
37
57
58
57
37
37
38
59
59
58
37
38
39
59
60
59
39
39
40
61
61
60
39
40
41
61
62
61
41
42
43
63
64
63
43
43
44
65
65
64
43
44
45
65
66
65
45
45
46
67
67
66
45
46
47
67
68
67
47
47
48
69
69
68
47
48
49
69
70
69
49
49
50
71
71
70
49
50
51
71
72
71
51
51
52
73
73
72
51
52
53
73
74
73
53
53
54
75
75
74
53
54
55
75
76
75
55
55
56
77
77
76
55
56
57
77
78
77
57
57
58
79
79
78
57
58
59
79
80
79
59
59
60
81
81
80
59
60
61
81
82
81
61
61
62
83
83
82
61
63
64
85
85
84
63
64
65
85
86
85
65
65
66
87
87
86
65
66
67
87
88
87
67
67
68
89
89
88
67
68
69
89
90
89
69
69
70
91
91
90
69
70
71
91
92
91
71
71
72
93
93
92
71
72
73
93
94
93
73
73
74
95
95
94
73
74
75
95
96
95
75
75
76
97
97
96
75
76
77
97
98
97
77
77
78
99
99
98
77
78
79
99
100
99
79
79
80
101
101
100
79
80
81
101
102
101
81
81
82
103
103
102
81
82
83
103
104
103
83
84
85
105
106
105
85
85
86
107
107
106
85
86
87
107
108
107
87
87
88
109
109
108
87
88
89
109
110
109
89
89
90
111
111
110
89
90
91
111
112
111
91
91
92
113
113
112
91
92
93
113
114
113
93
93
94
115
115
114
93
94
95
115
116
115
95
95
96
117
117
116
95
96
97
117
118
117
97
97
98
119
119
118
97
98
99
119
120
119
99
99
100
121
121
120
99
100
101
121
122
121
101
101
102
123
123
122
101
102
103
123
124
123
103
103
104
125
125
124
103
105
106
127
127
126
105
106
107
127
128
127
107
107
108
129
129
128
107
108
109
129
130
129
109
109
110
131
131
130
109
110
111
131
132
131
111
111
112
133
133
132
111
112
113
133
134
133
113
113
114
135
135
134
113
114
115
135
136
135
115
115
116
137
137
136
115
116
117
137
138
137
117
117
118
139
139
138
117
118
119
139
140
139
119
119
120
141
141
140
119
120
121
141
142
141
121
121
122
143
143
142
121
122
123
143
144
143
123
123
124
145
145
144
123
124
125
145
146
145
125
126
127
147
148
147
127
127
128
149
149
148
127
128
129
149
150
149
129
129
130
151
151
150
129
130
131
151
152
151
131
131
132
153
153
152
131
132
133
153
154
153
133
133
134
155
155
154
133
134
135
155
156
155
135
135
136
157
157
156
135
136
137
157
158
157
137
137
138
159
159
158
137
138
139
159
160
159
139
139
140
161
161
160
139
140
141
161
162
161
141
141
142
163
163
162
141
142
143
163
164
163
143
143
144
165
165
164
143
144
145
165
166
165
145
145
146
167
167
166
145
147
148
169
169
168
147
148
149
169
170
169
149
149
150
171
171
170
149
150
151
171
172
171
151
151
152
173
173
172
151
152
153
173
174
173
153
153
154
175
175
174
153
154
155
175
176
175
155
155
156
177
177
176
155
156
157
177
178
177
157
157
158
179
179
178
157
158
159
179
180
179
159
159
160
181
181
180
159
160
161
181
182
181
161
161
162
183
183
182
161
162
163
183
184
183
163
163
164
185
185
184
163
164
165
185
186
185
165
165
166
187
187
186
165
166
167
187
188
187
167
168
169
189
190
189
169
169
170
191
191
190
169
170
171
191
192
191
171
171
172
193
193
192
171
172
173
193
194
193
173
173
174
195
195
194
173
174
175
195
196
195
175
175
176
197
197
196
175
176
177
197
198
197
177
177
178
199
199
198
177
178
179
199
200
199
179
179
180
201
201
200
179
180
181
201
202
201
181
181
182
203
203
202
181
182
183
203
204
203
183
183
184
205
205
204
183
184
185
205
206
205
185
185
186
207
207
206
185
186
187
207
208
207
187
187
188
209
209
208
187
189
190
211
211
210
189
190
191
211
212
211
191
191
192
213
213
212
191
192
193
213
214
213
193
193
194
215
215
214
193
194
195
215
216
215
195
195
196
217
217
216
195
196
197
217
218
217
197
197
198
219
219
218
197
198
199
219
220
219
199
199
200
221
221
220
199
200
201
221
222
221
201
201
202
223
223
222
201
202
203
223
224
223
203
203
204
225
225
224
203
204
205
225
226
225
205
205
206
227
227
226
205
206
207
227
228
227
207
207
208
229
229
228
207
208
209
229
230
229
209
210
211
231
232
231
211
211
212
233
233
232
211
212
213
233
234
233
213
213
214
235
235
234
213
214
215
235
236
235
215
215
216
237
237
236
215
216
217
237
238
237
217
217
218
239
239
238
217
218
219
239
240
239
219
219
220
241
241
240
219
220
221
241
242
241
221
221
222
243
243
242
221
222
223
243
244
243
223
223
224
245
245
244
223
224
225
245
246
245
225
225
226
247
247
246
225
226
227
247
248
247
227
227
228
249
249
248
227
228
229
249
250
249
229
229
230
251
251
250
229
231
232
253
253
252
231
232
233
253
254
253
233
233
234
255
255
254
233
234
235
255
256
255
235
235
236
257
257
256
235
236
237
257
258
257
237
237
238
259
259
258
237
238
239
259
260
259
239
239
240
261
261
260
239
240
241
261
262
261
241
241
242
263
263
262
241
242
243
263
264
263
243
243
244
265
265
264
243
244
245
265
266
265
245
245
246
267
267
266
245
246
247
267
268
267
247
247
248
269
269
268
247
248
249
269
270
269
249
249
250
271
271
270
249
250
251
271
272
271
251
252
253
273
274
273
253
253
254
275
275
274
253
254
255
275
276
275
255
255
256
277
277
276
255
256
257
277
278
277
257
257
258
279
279
278
257
258
259
279
280
279
259
259
260
281
281
280
259
260
261
281
282
281
261
261
262
283
283
282
261
262
263
283
284
283
263
263
264
285
285
284
263
264
265
285
286
285
265
265
266
287
287
286
265
266
267
287
288
287
267
267
268
289
289
288
267
268
269
289
290
289
269
269
270
291
291
290
269
270
271
291
292
291
271
271
272
293
293
292
271
273
274
295
295
294
273
274
275
295
296
295
275
275
276
297
297
296
275
276
277
297
298
297
277
277
278
299
299
298
277
278
279
299
300
299
279
279
280
301
301
300
279
280
281
301
302
301
281
281
282
303
303
302
281
282
283
303
304
303
283
283
284
305
305
304
283
284
285
305
306
305
285
285
286
307
307
306
285
286
287
307
308
307
287
287
288
309
309
308
287
288
289
309
310
309
289
289
290
311
311
310
289
290
291
311
312
311
291
291
292
313
313
312
291
292
293
313
314
313
293
294
295
315
316
315
295
295
296
317
317
316
295
296
297
317
318
317
297
297
298
319
319
318
297
298
299
319
320
319
299
299
300
321
321
320
299
300
301
321
322
321
301
301
302
323
323
322
301
302
303
323
324
323
303
303
304
325
325
324
303
304
305
325
326
325
305
305
306
327
327
326
305
306
307
327
328
327
307
307
308
329
329
328
307
308
309
329
330
329
309
309
310
331
331
330
309
310
311
331
332
331
311
311
312
333
333
332
311
312
313
333
334
333
313
313
314
335
335
334
313
315
316
337
337
336
315
316
317
337
338
337
317
317
318
339
339
338
317
318
319
339
340
339
319
319
320
341
341
340
319
320
321
341
342
341
321
321
322
343
343
342
321
322
323
343
344
343
323
323
324
345
345
344
323
324
325
345
346
345
325
325
326
347
347
346
325
326
327
347
348
347
327
327
328
349
349
348
327
328
329
349
350
349
329
329
330
351
351
350
329
330
331
351
352
351
331
331
332
353
353
352
331
332
333
353
354
353
333
333
334
355
355
354
333
334
335
355
356
355
335
336
337
357
358
357
337
337
338
359
359
358
337
338
339
359
360
359
339
339
340
361
361
360
339
340
341
361
362
361
341
341
342
363
363
362
341
342
343
363
364
363
343
343
344
365
365
364
343
344
345
365
366
365
345
345
346
367
367
366
345
346
347
367
368
367
347
347
348
369
369
368
347
348
349
369
370
369
349
349
350
371
371
370
349
350
351
371
372
371
351
351
352
373
373
372
351
352
353
373
374
373
353
353
354
375
375
374
353
354
355
375
376
375
355
355
356
377
377
376
355
357
358
379
379
378
357
358
359
379
380
379
359
359
360
381
381
380
359
360
361
381
382
381
361
361
362
383
383
382
361
362
363
383
384
383
363
363
364
385
385
384
363
364
365
385
386
385
365
365
366
387
387
386
365
366
367
387
388
387
367
367
368
389
389
388
367
368
369
389
390
389
369
369
370
391
391
390
369
370
371
391
392
391
371
371
372
393
393
392
371
372
373
393
394
393
373
373
374
395
395
394
373
374
375
395
396
395
375
375
376
397
397
396
375
376
377
397
398
397
377
378
379
399
400
399
379
379
380
401
401
400
379
380
381
401
402
401
381
381
382
403
403
402
381
382
383
403
404
403
383
383
384
405
405
404
383
384
385
405
406
405
385
385
386
407
407
406
385
386
387
407
408
407
387
387
388
409
409
408
387
388
389
409
410
409
389
389
390
411
411
410
389
390
391
411
412
411
391
391
392
413
413
412
391
392
393
413
414
413
393
393
394
415
415
414
393
394
395
415
416
415
395
395
396
417
417
416
395
396
397
417
418
417
397
397
398
419
419
418
397
399
400
421
421
420
399
400
401
421
422
421
401
401
402
423
423
422
401
402
403
423
424
423
403
403
404
425
425
424
403
404
405
425
426
425
405
405
406
427
427
426
405
406
407
427
428
427
407
407
408
429
429
428
407
408
409
429
430
429
409
409
410
431
431
430
409
410
411
431
432
431
411
411
412
433
433
432
411
412
413
433
434
433
413
413
414
435
435
434
413
414
415
435
436
435
415
415
416
437
437
436
415
416
417
437
438
437
417
417
418
439
439
438
417
418
419
439
440
439
419
