-0.000000 -0.000000 1.000000
-0.000000 0.000000 0.000000
0.000000 1.000000 0.000000
-0.000000 0.000000 -0.000000
1.000000 0.000000 0.000000
0.000000 -0.000000 1.000000
0.000000 0.000000 1.000000
-0.000000 1.000000 0.000000
0.000000 0.000000 1.000000
-0.000000 -0.000000 1.000000
0.000000 0.000000 1.000000
-0.000000 -0.000000 0.000000
0.000000 1.000000 0.000000
1.000000 0.000000 0.000000
0.000000 -0.000000 1.000000
0.000000 0.000000 1.000000
0.000000 0.000000 1.000000
-0.000000 -0.000000 1.000000
0.000000 1.000000 0.000000
-0.000000 0.000000 1.000000
0.000000 0.000000 1.000000
0.000000 0.000000 -0.000000
-0.000000 0.000000 1.000000
0.000000 1.000000 0.000000
1.000000 0.000000 0.000000
-0.000000 0.000000 1.000000
0.000000 0.000000 1.000000
0.000000 -0.000000 1.000000
0.000000 0.000000 1.000000
0.000000 -0.000000 1.000000
0.000000 0.000000 1.000000
0.000000 0.000000 0.000000
0.000000 -0.000000 1.000000
-0.000000 1.000000 0.000000
0.000000 1.000000 0.000000
-0.000000 -0.000000 1.000000
0.000000 0.000000 1.000000
0.000000 1.000000 0.000000
0.000000 1.000000 0.000000
0.000000 0.000000 1.000000
-0.000000 0.000000 0.000000
0.000000 0.000000 1.000000
-0.000000 -0.000000 1.000000
0.000000 0.000000 1.000000
-0.000000 0.000000 1.000000
0.000000 -0.000000 1.000000
-0.000000 -0.000000 1.000000
1.000000 0.000000 0.000000
-0.000000 1.000000 0.000000
0.000000 0.000000 0.000000
0.000000 0.000000 1.000000
-0.000000 -0.000000 1.000000
-0.000000 1.000000 0.000000
0.000000 0.000000 0.000000
0.000000 -0.000000 1.000000
-0.000000 0.000000 1.000000
-0.000000 0.000000 1.000000
0.000000 0.000000 0.000000
0.000000 1.000000 0.000000
1.000000 0.000000 0.000000
0.000000 1.000000 0.000000
0.000000 1.000000 0.000000
-0.000000 0.000000 1.000000
1.000000 0.000000 0.000000
1.000000 0.000000 0.000000
-0.000000 0.000000 1.000000
0.000000 1.000000 0.000000
-0.000000 -0.000000 1.000000
-0.000000 -0.000000 1.000000
1.000000 0.000000 0.000000
-0.000000 0.000000 1.000000
0.000000 0.000000 1.000000
0.000000 0.000000 1.000000
1.000000 0.000000 0.000000
1.000000 0.000000 0.000000
0.000000 0.000000 1.000000
0.000000 0.000000 0.000000
0.000000 1.000000 0.000000
-0.000000 0.000000 1.000000
0.000000 0.000000 1.000000
0.000000 0.000000 1.000000
-0.000000 -0.000000 1.000000
-0.000000 0.000000 1.000000
0.000000 -0.000000 0.000000
1.000000 0.000000 0.000000
0.000000 1.000000 0.000000
0.000000 -0.000000 1.000000
-0.000000 -0.000000 1.000000
0.000000 0.000000 1.000000
-0.000000 0.000000 1.000000
-0.000000 0.000000 1.000000
0.000000 -0.000000 1.000000
-0.000000 0.000000 1.000000
-0.000000 0.000000 1.000000
0.000000 -0.000000 1.000000
1.000000 0.000000 0.000000
-0.000000 0.000000 1.000000
-0.000000 -0.000000 1.000000
1.000000 0.000000 0.000000
1.000000 0.000000 0.000000
-0.000000 0.000000 1.000000
-0.000000 0.000000 1.000000
0.000000 -0.000000 1.000000
-0.000000 1.000000 0.000000
-0.000000 -0.000000 1.000000
-0.000000 -0.000000 1.000000
1.000000 0.000000 0.000000
0.000000 0.000000 1.000000
-0.000000 0.000000 1.000000
-0.000000 -0.000000 -0.000000
-0.000000 -0.000000 1.000000
0.000000 0.000000 1.000000
1.000000 0.000000 0.000000
-0.000000 1.000000 0.000000
0.000000 -0.000000 1.000000
0.000000 0.000000 1.000000
0.000000 -0.000000 1.000000
-0.000000 1.000000 0.000000
-0.000000 -0.000000 1.000000
0.000000 0.000000 1.000000
-0.000000 -0.000000 -0.000000
-0.000000 0.000000 1.000000
-0.000000 -0.000000 0.000000
0.000000 1.000000 0.000000
0.000000 1.000000 0.000000
0.000000 -0.000000 1.000000
0.000000 0.000000 -0.000000
0.000000 0.000000 0.000000
-0.000000 0.000000 1.000000
-0.000000 -0.000000 1.000000
-0.000000 1.000000 0.000000
1.000000 0.000000 0.000000
0.000000 -0.000000 1.000000
1.000000 0.000000 0.000000
-0.000000 0.000000 1.000000
0.000000 0.000000 1.000000
0.000000 0.000000 1.000000
0.000000 -0.000000 1.000000
1.000000 0.000000 0.000000
-0.000000 0.000000 -0.000000
-0.000000 0.000000 -0.000000
-0.000000 -0.000000 1.000000
1.000000 0.000000 0.000000
0.000000 0.000000 1.000000
0.000000 -0.000000 1.000000
-0.000000 -0.000000 1.000000
-0.000000 1.000000 0.000000
-0.000000 -0.000000 1.000000
-0.000000 1.000000 0.000000
1.000000 0.000000 0.000000
0.000000 0.000000 1.000000
0.000000 1.000000 0.000000
-0.000000 -0.000000 1.000000
0.000000 0.000000 0.000000
0.000000 0.000000 1.000000
0.000000 -0.000000 -0.000000
-0.000000 0.000000 1.000000
0.000000 0.000000 1.000000
0.000000 1.000000 0.000000
0.000000 -0.000000 1.000000
0.000000 0.000000 1.000000
0.000000 0.000000 1.000000
0.000000 1.000000 0.000000
0.000000 0.000000 0.000000
-0.000000 -0.000000 1.000000
-0.000000 1.000000 0.000000
0.000000 -0.000000 1.000000
0.000000 0.000000 1.000000
0.000000 -0.000000 1.000000
-0.000000 -0.000000 1.000000
-0.000000 0.000000 1.000000
0.000000 -0.000000 1.000000
-0.000000 0.000000 0.000000
1.000000 0.000000 0.000000
0.000000 0.000000 0.000000
0.000000 0.000000 1.000000
-0.000000 0.000000 1.000000
-0.000000 -0.000000 1.000000
-0.000000 -0.000000 1.000000
1.000000 0.000000 0.000000
0.000000 -0.000000 1.000000
0.000000 0.000000 1.000000
0.000000 -0.000000 1.000000
-0.000000 0.000000 -0.000000
0.000000 -0.000000 1.000000
0.000000 -0.000000 1.000000
0.000000 1.000000 0.000000
0.000000 -0.000000 1.000000
1.000000 0.000000 0.000000
0.000000 -0.000000 -0.000000
0.000000 -0.000000 1.000000
-0.000000 -0.000000 0.000000
0.000000 0.000000 0.000000
0.000000 0.000000 0.000000
0.000000 0.000000 1.000000
0.000000 0.000000 1.000000
0.000000 -0.000000 1.000000
0.000000 0.000000 1.000000
0.000000 -0.000000 1.000000
0.000000 -0.000000 1.000000
-0.000000 -0.000000 1.000000
-0.000000 -0.000000 1.000000
-0.000000 -0.000000 -0.000000
0.000000 -0.000000 1.000000
0.000000 0.000000 -0.000000
0.000000 -0.000000 1.000000
-0.000000 0.000000 -0.000000
1.000000 0.000000 0.000000
0.000000 1.000000 0.000000
-0.000000 0.000000 1.000000
-0.000000 1.000000 0.000000
0.000000 0.000000 1.000000
1.000000 0.000000 0.000000
0.000000 1.000000 0.000000
-0.000000 1.000000 0.000000
0.000000 1.000000 0.000000
0.000000 1.000000 0.000000
0.000000 -0.000000 1.000000
0.000000 1.000000 0.000000
0.000000 0.000000 0.000000
0.000000 -0.000000 1.000000
1.000000 0.000000 0.000000
-0.000000 -0.000000 1.000000
0.000000 0.000000 1.000000
-0.000000 0.000000 0.000000
-0.000000 -0.000000 1.000000
1.000000 0.000000 0.000000
0.000000 0.000000 1.000000
0.000000 -0.000000 1.000000
0.000000 -0.000000 1.000000
-0.000000 0.000000 1.000000
-0.000000 0.000000 1.000000
-0.000000 -0.000000 0.000000
0.000000 -0.000000 1.000000
-0.000000 1.000000 0.000000
-0.000000 0.000000 0.000000
-0.000000 -0.000000 1.000000
-0.000000 -0.000000 -0.000000
0.000000 0.000000 1.000000
-0.000000 -0.000000 -0.000000
0.000000 0.000000 1.000000
0.000000 0.000000 1.000000
-0.000000 0.000000 -0.000000
0.000000 1.000000 0.000000
1.000000 0.000000 0.000000
1.000000 0.000000 0.000000
0.000000 0.000000 1.000000
-0.000000 0.000000 1.000000
-0.000000 1.000000 0.000000
-0.000000 1.000000 0.000000
-0.000000 0.000000 1.000000
-0.000000 0.000000 1.000000
-0.000000 1.000000 0.000000
-0.000000 0.000000 1.000000
-0.000000 0.000000 1.000000
-0.000000 1.000000 0.000000
-0.000000 0.000000 0.000000
1.000000 0.000000 0.000000
0.000000 0.000000 1.000000
0.000000 -0.000000 -0.000000
0.000000 0.000000 1.000000
0.000000 0.000000 1.000000
-0.000000 -0.000000 -0.000000
1.000000 0.000000 0.000000
-0.000000 1.000000 0.000000
1.000000 0.000000 0.000000
0.000000 0.000000 -0.000000
0.000000 1.000000 0.000000
-0.000000 -0.000000 1.000000
0.000000 -0.000000 0.000000
0.000000 0.000000 0.000000
-0.000000 -0.000000 1.000000
0.000000 1.000000 0.000000
0.000000 1.000000 0.000000
-0.000000 0.000000 1.000000
1.000000 0.000000 0.000000
0.000000 0.000000 -0.000000
1.000000 0.000000 0.000000
0.000000 1.000000 0.000000
1.000000 0.000000 0.000000
-0.000000 0.000000 1.000000
0.000000 1.000000 0.000000
0.000000 -0.000000 1.000000
-0.000000 -0.000000 -0.000000
-0.000000 -0.000000 1.000000
-0.000000 0.000000 1.000000
1.000000 0.000000 0.000000
0.000000 -0.000000 1.000000
0.000000 1.000000 0.000000
0.000000 -0.000000 1.000000
-0.000000 1.000000 0.000000
0.000000 0.000000 1.000000
0.000000 0.000000 -0.000000
1.000000 0.000000 0.000000
-0.000000 -0.000000 0.000000
1.000000 0.000000 0.000000
-0.000000 -0.000000 0.000000
-0.000000 0.000000 1.000000
0.000000 0.000000 1.000000
1.000000 0.000000 0.000000
-0.000000 1.000000 0.000000
1.000000 0.000000 0.000000
-0.000000 -0.000000 1.000000
0.000000 0.000000 -0.000000
-0.000000 0.000000 1.000000
0.000000 0.000000 1.000000
-0.000000 -0.000000 1.000000
-0.000000 1.000000 0.000000
-0.000000 -0.000000 1.000000
0.000000 1.000000 0.000000
-0.000000 1.000000 0.000000
-0.000000 1.000000 0.000000
0.000000 -0.000000 1.000000
1.000000 0.000000 0.000000
-0.000000 1.000000 0.000000
-0.000000 1.000000 0.000000
0.000000 -0.000000 1.000000
0.000000 0.000000 1.000000
0.000000 0.000000 1.000000
1.000000 0.000000 0.000000
-0.000000 -0.000000 1.000000
1.000000 0.000000 0.000000
-0.000000 0.000000 1.000000
-0.000000 0.000000 1.000000
-0.000000 -0.000000 1.000000
-0.000000 0.000000 1.000000
-0.000000 0.000000 -0.000000
0.000000 0.000000 0.000000
-0.000000 0.000000 1.000000
0.000000 -0.000000 1.000000
-0.000000 -0.000000 1.000000
-0.000000 1.000000 0.000000
0.000000 1.000000 0.000000
0.000000 -0.000000 -0.000000
-0.000000 -0.000000 1.000000
1.000000 0.000000 0.000000
0.000000 0.000000 1.000000
0.000000 0.000000 1.000000
0.000000 -0.000000 1.000000
-0.000000 1.000000 0.000000
1.000000 0.000000 0.000000
0.000000 0.000000 0.000000
0.000000 0.000000 1.000000
-0.000000 -0.000000 1.000000
0.000000 0.000000 1.000000
0.000000 0.000000 1.000000
0.000000 -0.000000 1.000000
-0.000000 -0.000000 0.000000
0.000000 1.000000 0.000000
0.000000 1.000000 0.000000
1.000000 0.000000 0.000000
-0.000000 -0.000000 1.000000
0.000000 1.000000 0.000000
0.000000 0.000000 1.000000
0.000000 -0.000000 1.000000
0.000000 -0.000000 -0.000000
-0.000000 0.000000 1.000000
-0.000000 0.000000 1.000000
0.000000 -0.000000 1.000000
0.000000 -0.000000 1.000000
0.000000 0.000000 1.000000
-0.000000 1.000000 0.000000
0.000000 0.000000 1.000000
0.000000 -0.000000 1.000000
1.000000 0.000000 0.000000
0.000000 -0.000000 0.000000
0.000000 1.000000 0.000000
0.000000 -0.000000 0.000000
-0.000000 0.000000 -0.000000
-0.000000 -0.000000 1.000000
1.000000 0.000000 0.000000
0.000000 0.000000 1.000000
-0.000000 0.000000 1.000000
-0.000000 0.000000 1.000000
-0.000000 -0.000000 1.000000
0.000000 0.000000 -0.000000
0.000000 0.000000 1.000000
0.000000 -0.000000 1.000000
0.000000 0.000000 1.000000
-0.000000 1.000000 0.000000
1.000000 0.000000 0.000000
0.000000 0.000000 1.000000
0.000000 -0.000000 1.000000
-0.000000 -0.000000 -0.000000
-0.000000 1.000000 0.000000
0.000000 -0.000000 -0.000000
0.000000 1.000000 0.000000
0.000000 0.000000 1.000000
0.000000 1.000000 0.000000
0.000000 -0.000000 -0.000000
0.000000 0.000000 1.000000
-0.000000 1.000000 0.000000
0.000000 0.000000 1.000000
0.000000 -0.000000 1.000000
0.000000 -0.000000 0.000000
-0.000000 0.000000 -0.000000
-0.000000 0.000000 1.000000
0.000000 -0.000000 0.000000
0.000000 -0.000000 -0.000000
-0.000000 0.000000 0.000000
-0.000000 -0.000000 1.000000
1.000000 0.000000 0.000000
0.000000 -0.000000 -0.000000
0.000000 0.000000 1.000000
-0.000000 -0.000000 1.000000
-0.000000 -0.000000 1.000000
1.000000 0.000000 0.000000
0.000000 1.000000 0.000000
-0.000000 0.000000 1.000000
1.000000 0.000000 0.000000
0.000000 -0.000000 1.000000
0.000000 0.000000 1.000000
-0.000000 0.000000 1.000000
1.000000 0.000000 0.000000
1.000000 0.000000 0.000000
0.000000 -0.000000 1.000000
1.000000 0.000000 0.000000
0.000000 0.000000 1.000000
0.000000 -0.000000 0.000000
-0.000000 0.000000 0.000000
1.000000 0.000000 0.000000
-0.000000 -0.000000 1.000000
-0.000000 0.000000 1.000000
0.000000 0.000000 -0.000000
-0.000000 0.000000 1.000000
-0.000000 1.000000 0.000000
0.000000 1.000000 0.000000
-0.000000 0.000000 1.000000
1.000000 0.000000 0.000000
-0.000000 1.000000 0.000000
-0.000000 0.000000 1.000000
1.000000 0.000000 0.000000
-0.000000 0.000000 1.000000
1.000000 0.000000 0.000000
-0.000000 -0.000000 1.000000
0.000000 -0.000000 1.000000
0.000000 -0.000000 0.000000
-0.000000 0.000000 1.000000
0.000000 0.000000 1.000000
-0.000000 0.000000 1.000000
0.000000 -0.000000 -0.000000
-0.000000 1.000000 0.000000
-0.000000 -0.000000 1.000000
0.000000 -0.000000 1.000000
-0.000000 -0.000000 1.000000
-0.000000 1.000000 0.000000
-0.000000 0.000000 1.000000
0.000000 1.000000 0.000000
1.000000 0.000000 0.000000
1.000000 0.000000 0.000000
-0.000000 1.000000 0.000000
-0.000000 1.000000 0.000000
-0.000000 -0.000000 0.000000
-0.000000 -0.000000 -0.000000
1.000000 0.000000 0.000000
0.000000 -0.000000 1.000000
-0.000000 -0.000000 -0.000000
-0.000000 1.000000 0.000000
-0.000000 -0.000000 0.000000
0.000000 -0.000000 1.000000
-0.000000 -0.000000 1.000000
-0.000000 0.000000 1.000000
0.000000 0.000000 0.000000
0.000000 -0.000000 1.000000
-0.000000 0.000000 1.000000
-0.000000 -0.000000 -0.000000
0.000000 0.000000 1.000000
0.000000 1.000000 0.000000
-0.000000 0.000000 1.000000
0.000000 1.000000 0.000000
-0.000000 -0.000000 1.000000
-0.000000 0.000000 -0.000000
0.000000 0.000000 1.000000
-0.000000 1.000000 0.000000
1.000000 0.000000 0.000000
-0.000000 0.000000 -0.000000
-0.000000 0.000000 1.000000
1.000000 0.000000 0.000000
0.000000 0.000000 1.000000
1.000000 0.000000 0.000000
0.000000 1.000000 0.000000
0.000000 1.000000 0.000000
-0.000000 -0.000000 1.000000
0.000000 1.000000 0.000000
0.000000 0.000000 1.000000
-0.000000 1.000000 0.000000
-0.000000 0.000000 0.000000
-0.000000 -0.000000 1.000000
1.000000 0.000000 0.000000
-0.000000 1.000000 0.000000
0.000000 0.000000 1.000000
-0.000000 1.000000 0.000000
0.000000 0.000000 1.000000
0.000000 0.000000 1.000000
0.000000 0.000000 0.000000
0.000000 0.000000 -0.000000
-0.000000 1.000000 0.000000
0.000000 -0.000000 1.000000
-0.000000 1.000000 0.000000
0.000000 -0.000000 1.000000
-0.000000 0.000000 1.000000
0.000000 1.000000 0.000000
-0.000000 0.000000 1.000000
-0.000000 -0.000000 1.000000
0.000000 0.000000 1.000000
-0.000000 0.000000 1.000000
0.000000 1.000000 0.000000
0.000000 0.000000 1.000000
1.000000 0.000000 0.000000
1.000000 0.000000 0.000000
0.000000 -0.000000 1.000000
0.000000 0.000000 1.000000
0.000000 -0.000000 0.000000
0.000000 0.000000 1.000000
-0.000000 0.000000 -0.000000
-0.000000 0.000000 1.000000
0.000000 1.000000 0.000000
-0.000000 -0.000000 1.000000
-0.000000 -0.000000 1.000000
0.000000 0.000000 1.000000
0.000000 0.000000 1.000000
-0.000000 0.000000 -0.000000
0.000000 0.000000 1.000000
1.000000 0.000000 0.000000
1.000000 0.000000 0.000000
-0.000000 -0.000000 0.000000
0.000000 -0.000000 1.000000
0.000000 -0.000000 1.000000
1.000000 0.000000 0.000000
0.000000 0.000000 1.000000
-0.000000 1.000000 0.000000
0.000000 0.000000 0.000000
0.000000 -0.000000 1.000000
1.000000 0.000000 0.000000
-0.000000 1.000000 0.000000
0.000000 0.000000 1.000000
-0.000000 -0.000000 1.000000
-0.000000 1.000000 0.000000
1.000000 0.000000 0.000000
0.000000 0.000000 1.000000
1.000000 0.000000 0.000000
0.000000 0.000000 0.000000
-0.000000 0.000000 1.000000
1.000000 0.000000 0.000000
-0.000000 0.000000 1.000000
0.000000 1.000000 0.000000
0.000000 1.000000 0.000000
-0.000000 -0.000000 1.000000
0.000000 -0.000000 0.000000
-0.000000 0.000000 1.000000
-0.000000 -0.000000 0.000000
1.000000 0.000000 0.000000
0.000000 -0.000000 1.000000
1.000000 0.000000 0.000000
0.000000 -0.000000 1.000000
-0.000000 -0.000000 1.000000
0.000000 0.000000 1.000000
0.000000 1.000000 0.000000
-0.000000 0.000000 1.000000
1.000000 0.000000 0.000000
-0.000000 0.000000 1.000000
-0.000000 1.000000 0.000000
0.000000 0.000000 1.000000
0.000000 -0.000000 1.000000
0.000000 -0.000000 1.000000
-0.000000 -0.000000 1.000000
0.000000 0.000000 1.000000
0.000000 0.000000 1.000000
0.000000 0.000000 1.000000
1.000000 0.000000 0.000000
-0.000000 -0.000000 -0.000000
0.000000 -0.000000 1.000000
0.000000 1.000000 0.000000
0.000000 1.000000 0.000000
-0.000000 0.000000 -0.000000
0.000000 0.000000 1.000000
0.000000 -0.000000 1.000000
-0.000000 0.000000 0.000000
-0.000000 0.000000 -0.000000
1.000000 0.000000 0.000000
0.000000 -0.000000 -0.000000
0.000000 0.000000 0.000000
-0.000000 1.000000 0.000000
1.000000 0.000000 0.000000
0.000000 1.000000 0.000000
-0.000000 0.000000 1.000000
-0.000000 0.000000 -0.000000
-0.000000 -0.000000 1.000000
-0.000000 1.000000 0.000000
1.000000 0.000000 0.000000
-0.000000 -0.000000 1.000000
0.000000 -0.000000 0.000000
-0.000000 0.000000 1.000000
0.000000 0.000000 1.000000
0.000000 -0.000000 -0.000000
1.000000 0.000000 0.000000
-0.000000 -0.000000 0.000000
-0.000000 -0.000000 1.000000
1.000000 0.000000 0.000000
-0.000000 0.000000 -0.000000
1.000000 0.000000 0.000000
0.000000 1.000000 0.000000
0.000000 -0.000000 1.000000
0.000000 0.000000 1.000000
0.000000 -0.000000 1.000000
0.000000 -0.000000 1.000000
0.000000 -0.000000 1.000000
0.000000 -0.000000 1.000000
0.000000 -0.000000 1.000000
0.000000 -0.000000 0.000000
0.000000 0.000000 1.000000
1.000000 0.000000 0.000000
0.000000 -0.000000 1.000000
0.000000 -0.000000 0.000000
1.000000 0.000000 0.000000
-0.000000 -0.000000 0.000000
0.000000 -0.000000 1.000000
0.000000 1.000000 0.000000
0.000000 0.000000 1.000000
-0.000000 0.000000 1.000000
0.000000 -0.000000 1.000000
-0.000000 0.000000 1.000000
1.000000 0.000000 0.000000
0.000000 1.000000 0.000000
0.000000 -0.000000 -0.000000
-0.000000 -0.000000 1.000000
0.000000 0.000000 1.000000
-0.000000 -0.000000 1.000000
0.000000 1.000000 0.000000
0.000000 -0.000000 0.000000
0.000000 0.000000 0.000000
-0.000000 -0.000000 0.000000
1.000000 0.000000 0.000000
0.000000 1.000000 0.000000
0.000000 0.000000 1.000000
0.000000 0.000000 1.000000
0.000000 0.000000 1.000000
0.000000 0.000000 1.000000
0.000000 -0.000000 1.000000
0.000000 -0.000000 1.000000
-0.000000 0.000000 0.000000
-0.000000 1.000000 0.000000
-0.000000 0.000000 1.000000
0.000000 0.000000 -0.000000
-0.000000 0.000000 1.000000
-0.000000 0.000000 1.000000
0.000000 0.000000 1.000000
1.000000 0.000000 0.000000
1.000000 0.000000 0.000000
0.000000 0.000000 1.000000
-0.000000 -0.000000 1.000000
0.000000 -0.000000 1.000000
0.000000 1.000000 0.000000
-0.000000 -0.000000 1.000000
0.000000 0.000000 1.000000
0.000000 -0.000000 1.000000
-0.000000 -0.000000 0.000000
0.000000 -0.000000 -0.000000
-0.000000 -0.000000 1.000000
1.000000 0.000000 0.000000
0.000000 1.000000 0.000000
0.000000 1.000000 0.000000
-0.000000 0.000000 1.000000
0.000000 0.000000 1.000000
1.000000 0.000000 0.000000
-0.000000 -0.000000 1.000000
-0.000000 -0.000000 0.000000
0.000000 -0.000000 -0.000000
0.000000 1.000000 0.000000
-0.000000 1.000000 0.000000
0.000000 -0.000000 1.000000
-0.000000 -0.000000 1.000000
0.000000 0.000000 1.000000
0.000000 -0.000000 1.000000
0.000000 0.000000 1.000000
0.000000 0.000000 1.000000
-0.000000 0.000000 1.000000
-0.000000 -0.000000 1.000000
-0.000000 0.000000 1.000000
1.000000 0.000000 0.000000
-0.000000 1.000000 0.000000
0.000000 0.000000 0.000000
-0.000000 0.000000 1.000000
-0.000000 0.000000 1.000000
0.000000 1.000000 0.000000
1.000000 0.000000 0.000000
1.000000 0.000000 0.000000
-0.000000 0.000000 1.000000
0.000000 0.000000 -0.000000
0.000000 1.000000 0.000000
-0.000000 0.000000 1.000000
0.000000 0.000000 1.000000
-0.000000 0.000000 1.000000
1.000000 0.000000 0.000000
-0.000000 -0.000000 1.000000
1.000000 0.000000 0.000000
-0.000000 -0.000000 0.000000
-0.000000 0.000000 1.000000
0.000000 1.000000 0.000000
0.000000 -0.000000 1.000000
0.000000 -0.000000 1.000000
-0.000000 -0.000000 1.000000
0.000000 0.000000 -0.000000
0.000000 0.000000 1.000000
-0.000000 -0.000000 1.000000
-0.000000 -0.000000 1.000000
-0.000000 0.000000 1.000000
0.000000 1.000000 0.000000
0.000000 -0.000000 1.000000
1.000000 0.000000 0.000000
0.000000 -0.000000 1.000000
1.000000 0.000000 0.000000
0.000000 0.000000 1.000000
-0.000000 0.000000 1.000000
-0.000000 -0.000000 0.000000
-0.000000 0.000000 -0.000000
1.000000 0.000000 0.000000
-0.000000 -0.000000 -0.000000
0.000000 0.000000 1.000000
1.000000 0.000000 0.000000
-0.000000 0.000000 1.000000
0.000000 -0.000000 1.000000
1.000000 0.000000 0.000000
0.000000 0.000000 1.000000
-0.000000 0.000000 1.000000
-0.000000 -0.000000 1.000000
-0.000000 0.000000 1.000000
-0.000000 0.000000 1.000000
-0.000000 -0.000000 1.000000
0.000000 0.000000 1.000000
0.000000 -0.000000 1.000000
1.000000 0.000000 0.000000
0.000000 0.000000 1.000000
-0.000000 1.000000 0.000000
1.000000 0.000000 0.000000
0.000000 -0.000000 1.000000
-0.000000 0.000000 1.000000
-0.000000 0.000000 0.000000
-0.000000 0.000000 1.000000
-0.000000 0.000000 0.000000
0.000000 0.000000 0.000000
0.000000 0.000000 0.000000
0.000000 0.000000 1.000000
1.000000 0.000000 0.000000
-0.000000 -0.000000 1.000000
-0.000000 1.000000 0.000000
-0.000000 0.000000 1.000000
0.000000 0.000000 1.000000
-0.000000 -0.000000 1.000000
-0.000000 0.000000 1.000000
-0.000000 0.000000 0.000000
-0.000000 -0.000000 -0.000000
-0.000000 -0.000000 1.000000
0.000000 -0.000000 -0.000000
0.000000 0.000000 1.000000
1.000000 0.000000 0.000000
-0.000000 -0.000000 1.000000
0.000000 1.000000 0.000000
-0.000000 1.000000 0.000000
0.000000 0.000000 1.000000
-0.000000 0.000000 1.000000
0.000000 -0.000000 1.000000
-0.000000 -0.000000 1.000000
-0.000000 0.000000 0.000000
-0.000000 0.000000 1.000000
0.000000 -0.000000 1.000000
0.000000 0.000000 1.000000
-0.000000 -0.000000 1.000000
0.000000 1.000000 0.000000
0.000000 1.000000 0.000000
-0.000000 -0.000000 1.000000
0.000000 0.000000 1.000000
0.000000 1.000000 0.000000
0.000000 0.000000 -0.000000
-0.000000 0.000000 0.000000
1.000000 0.000000 0.000000
-0.000000 0.000000 1.000000
0.000000 1.000000 0.000000
0.000000 0.000000 1.000000
0.000000 -0.000000 0.000000
1.000000 0.000000 0.000000
-0.000000 -0.000000 -0.000000
-0.000000 -0.000000 -0.000000
1.000000 0.000000 0.000000
0.000000 0.000000 1.000000
-0.000000 1.000000 0.000000
1.000000 0.000000 0.000000
0.000000 0.000000 1.000000
0.000000 -0.000000 1.000000
-0.000000 0.000000 1.000000
-0.000000 0.000000 1.000000
-0.000000 0.000000 1.000000
0.000000 1.000000 0.000000
0.000000 -0.000000 0.000000
1.000000 0.000000 0.000000
0.000000 0.000000 1.000000
-0.000000 0.000000 1.000000
0.000000 1.000000 0.000000
-0.000000 -0.000000 1.000000
1.000000 0.000000 0.000000
0.000000 0.000000 -0.000000
0.000000 0.000000 0.000000
1.000000 0.000000 0.000000
0.000000 0.000000 1.000000
-0.000000 1.000000 0.000000
-0.000000 -0.000000 1.000000
-0.000000 0.000000 1.000000
-0.000000 -0.000000 1.000000
-0.000000 -0.000000 -0.000000
-0.000000 -0.000000 1.000000
1.000000 0.000000 0.000000
0.000000 0.000000 1.000000
1.000000 0.000000 0.000000
-0.000000 -0.000000 1.000000
0.000000 -0.000000 1.000000
1.000000 0.000000 0.000000
1.000000 0.000000 0.000000
0.000000 -0.000000 1.000000
0.000000 1.000000 0.000000
-0.000000 -0.000000 0.000000
-0.000000 1.000000 0.000000
1.000000 0.000000 0.000000
0.000000 -0.000000 0.000000
-0.000000 0.000000 1.000000
0.000000 -0.000000 1.000000
1.000000 0.000000 0.000000
-0.000000 0.000000 1.000000
-0.000000 0.000000 1.000000
0.000000 1.000000 0.000000
-0.000000 0.000000 1.000000
0.000000 0.000000 1.000000
-0.000000 1.000000 0.000000
1.000000 0.000000 0.000000
0.000000 -0.000000 0.000000
-0.000000 0.000000 1.000000
-0.000000 -0.000000 1.000000
-0.000000 1.000000 0.000000
-0.000000 0.000000 -0.000000
1.000000 0.000000 0.000000
-0.000000 -0.000000 1.000000
1.000000 0.000000 0.000000
0.000000 -0.000000 -0.000000
-0.000000 0.000000 -0.000000
1.000000 0.000000 0.000000
-0.000000 -0.000000 1.000000
1.000000 0.000000 0.000000
0.000000 1.000000 0.000000
-0.000000 0.000000 -0.000000
-0.000000 -0.000000 0.000000
0.000000 0.000000 1.000000
-0.000000 -0.000000 1.000000
-0.000000 -0.000000 -0.000000
0.000000 0.000000 1.000000
-0.000000 0.000000 1.000000
1.000000 0.000000 0.000000
1.000000 0.000000 0.000000
-0.000000 -0.000000 1.000000
0.000000 -0.000000 1.000000
-0.000000 0.000000 1.000000
0.000000 -0.000000 1.000000
0.000000 -0.000000 1.000000
-0.000000 -0.000000 1.000000
-0.000000 -0.000000 1.000000
0.000000 1.000000 0.000000
0.000000 0.000000 1.000000
0.000000 -0.000000 1.000000
0.000000 0.000000 1.000000
-0.000000 1.000000 0.000000
-0.000000 -0.000000 1.000000
-0.000000 0.000000 -0.000000
1.000000 0.000000 0.000000
0.000000 -0.000000 1.000000
0.000000 1.000000 0.000000
-0.000000 0.000000 0.000000
0.000000 0.000000 -0.000000
-0.000000 0.000000 1.000000
0.000000 -0.000000 1.000000
0.000000 0.000000 1.000000
1.000000 0.000000 0.000000
-0.000000 -0.000000 1.000000
0.000000 -0.000000 0.000000
-0.000000 1.000000 0.000000
1.000000 0.000000 0.000000
-0.000000 -0.000000 1.000000
-0.000000 0.000000 1.000000
0.000000 1.000000 0.000000
1.000000 0.000000 0.000000
0.000000 -0.000000 1.000000
-0.000000 0.000000 1.000000
-0.000000 0.000000 1.000000
-0.000000 0.000000 -0.000000
-0.000000 0.000000 1.000000
-0.000000 0.000000 1.000000
0.000000 0.000000 -0.000000
0.000000 1.000000 0.000000
-0.000000 -0.000000 -0.000000
0.000000 0.000000 1.000000
-0.000000 1.000000 0.000000
-0.000000 -0.000000 1.000000
-0.000000 0.000000 1.000000
0.000000 -0.000000 1.000000
-0.000000 0.000000 1.000000
1.000000 0.000000 0.000000
0.000000 -0.000000 1.000000
-0.000000 -0.000000 1.000000
-0.000000 -0.000000 1.000000
-0.000000 -0.000000 1.000000
-0.000000 0.000000 1.000000
-0.000000 -0.000000 0.000000
-0.000000 -0.000000 -0.000000
0.000000 -0.000000 1.000000
-0.000000 0.000000 1.000000
-0.000000 0.000000 1.000000
-0.000000 -0.000000 1.000000
0.000000 1.000000 0.000000
-0.000000 -0.000000 1.000000
0.000000 0.000000 1.000000
1.000000 0.000000 0.000000
0.000000 0.000000 1.000000
0.000000 0.000000 1.000000
0.000000 0.000000 0.000000
0.000000 -0.000000 1.000000
0.000000 1.000000 0.000000
-0.000000 0.000000 1.000000
-0.000000 1.000000 0.000000
0.000000 -0.000000 0.000000
0.000000 -0.000000 1.000000
0.000000 -0.000000 1.000000
0.000000 -0.000000 1.000000
-0.000000 -0.000000 1.000000
1.000000 0.000000 0.000000
0.000000 0.000000 -0.000000
0.000000 0.000000 1.000000
-0.000000 -0.000000 0.000000
-0.000000 -0.000000 0.000000
0.000000 1.000000 0.000000
-0.000000 0.000000 0.000000
-0.000000 -0.000000 1.000000
0.000000 0.000000 1.000000
-0.000000 0.000000 1.000000
0.000000 -0.000000 1.000000
-0.000000 0.000000 1.000000
0.000000 -0.000000 -0.000000
1.000000 0.000000 0.000000
-0.000000 0.000000 1.000000
0.000000 -0.000000 0.000000
1.000000 0.000000 0.000000
0.000000 0.000000 1.000000
0.000000 -0.000000 1.000000
0.000000 1.000000 0.000000
-0.000000 0.000000 0.000000
-0.000000 0.000000 -0.000000
0.000000 -0.000000 1.000000
1.000000 0.000000 0.000000
-0.000000 0.000000 1.000000
1.000000 0.000000 0.000000
0.000000 0.000000 1.000000
-0.000000 -0.000000 1.000000
0.000000 0.000000 1.000000
1.000000 0.000000 0.000000
0.000000 0.000000 1.000000
-0.000000 0.000000 1.000000
-0.000000 1.000000 0.000000
-0.000000 0.000000 1.000000
0.000000 -0.000000 -0.000000
0.000000 0.000000 -0.000000
1.000000 0.000000 0.000000
0.000000 -0.000000 1.000000
-0.000000 -0.000000 0.000000
-0.000000 -0.000000 1.000000
0.000000 1.000000 0.000000
-0.000000 -0.000000 1.000000
0.000000 0.000000 1.000000
-0.000000 -0.000000 1.000000
-0.000000 0.000000 1.000000
0.000000 -0.000000 1.000000
-0.000000 0.000000 0.000000
1.000000 0.000000 0.000000
-0.000000 -0.000000 0.000000
-0.000000 -0.000000 -0.000000
0.000000 0.000000 1.000000
0.000000 1.000000 0.000000
0.000000 0.000000 1.000000
-0.000000 0.000000 1.000000
-0.000000 -0.000000 -0.000000
0.000000 0.000000 1.000000
0.000000 0.000000 1.000000
-0.000000 0.000000 1.000000
-0.000000 -0.000000 1.000000
0.000000 0.000000 1.000000
0.000000 1.000000 0.000000
1.000000 0.000000 0.000000
0.000000 -0.000000 1.000000
-0.000000 -0.000000 1.000000
-0.000000 -0.000000 -0.000000
1.000000 0.000000 0.000000
0.000000 0.000000 1.000000
-0.000000 -0.000000 1.000000
0.000000 0.000000 1.000000
-0.000000 1.000000 0.000000
0.344094 0.262819 0.304986
0.051792 0.091348 0.848142
0.080533 0.452629 0.078647
0.070245 0.223893 0.600196
0.430302 0.320037 0.041280
0.139352 0.117992 0.190526
0.145636 0.809499 0.008293
0.128534 0.357339 0.488535
0.017395 0.271387 0.531182
0.141250 0.705155 0.071771
0.157881 0.486630 0.011754
0.142038 0.105975 0.704499
0.035385 0.622640 0.095706
0.228453 0.032443 0.160707
0.133093 0.203307 0.315236
0.371785 0.269732 0.007463
0.551458 0.291054 0.044743
0.075263 0.197353 0.666737
0.112697 0.563035 0.287582
0.051940 0.070517 0.775376
0.721362 0.044943 0.109269
0.315083 0.270364 0.168726
0.320367 0.594034 0.030641
0.371090 0.194745 0.378432
0.118634 0.508240 0.040806
0.009248 0.200328 0.742212
0.297134 0.500896 0.048972
0.350925 0.011390 0.527655
0.076571 0.538395 0.300334
0.149967 0.464177 0.138939
0.037365 0.351945 0.555784
0.035286 0.321201 0.150270
0.123223 0.296831 0.436447
0.565730 0.091207 0.292755
0.013411 0.407144 0.111973
0.135452 0.222385 0.512591
0.006986 0.337940 0.165573
0.033383 0.383060 0.348641
0.154190 0.152352 0.584775
0.172559 0.153792 0.217990
0.062367 0.050864 0.107882
0.246024 0.340447 0.303416
0.352543 0.427310 0.108132
0.123878 0.099238 0.141676
0.618332 0.298370 0.056709
0.184457 0.328374 0.473536
0.426128 0.308132 0.076711
0.024231 0.347393 0.329997
0.009748 0.689517 0.080713
0.178360 0.238531 0.204257
0.529813 0.197572 0.019839
0.142646 0.455645 0.095376
0.069550 0.595582 0.210335
0.098197 0.007222 0.314555
0.816870 0.026028 0.126382
0.267925 0.142994 0.099388
0.092472 0.582380 0.292146
0.831331 0.076696 0.018626
0.008883 0.327176 0.119884
0.072480 0.448389 0.045874
0.145221 0.428187 0.160987
0.088517 0.593886 0.292077
0.121140 0.051141 0.014222
0.030757 0.345139 0.537144
0.111531 0.080007 0.017098
0.013554 0.134733 0.617179
0.414383 0.416179 0.137392
0.024632 0.475875 0.071369
0.116165 0.522483 0.121023
0.210459 0.283796 0.403121
0.086950 0.636410 0.137023
0.025690 0.052766 0.226130
0.142065 0.232693 0.297826
0.915042 0.021180 0.053613
0.568983 0.269503 0.137617
0.228556 0.213696 0.127909
0.093152 0.135471 0.069358
0.015368 0.879541 0.037057
0.188263 0.062468 0.276413
0.290268 0.441027 0.031952
0.141186 0.133241 0.146662
0.015013 0.007858 0.416897
0.303740 0.257703 0.300109
0.281894 0.474692 0.095555
0.212854 0.579486 0.011586
0.031385 0.147906 0.557500
0.044089 0.749660 0.032631
0.099673 0.693955 0.075877
0.226962 0.235527 0.330691
0.207941 0.021129 0.237367
0.494925 0.154618 0.108291
0.079946 0.190775 0.604571
0.175906 0.036489 0.263136
0.462801 0.050349 0.213833
0.361670 0.289942 0.282073
0.233266 0.627160 0.125900
0.688934 0.216028 0.074916
0.224095 0.139295 0.243435
0.000048 0.428529 0.227644
0.149832 0.068905 0.392365
0.257071 0.158359 0.483315
0.104550 0.483965 0.264644
0.317899 0.198125 0.205746
0.542558 0.120676 0.158458
0.128469 0.179819 0.223799
0.112694 0.150272 0.141983
0.148986 0.263797 0.366939
0.636077 0.145210 0.212088
0.415663 0.252888 0.270523
0.142583 0.465820 0.173761
0.801449 0.006175 0.006339
0.647654 0.186316 0.029876
0.333301 0.452697 0.028508
0.134475 0.292143 0.048745
0.301449 0.049812 0.615226
0.662503 0.122090 0.088521
0.311986 0.409238 0.181491
0.115698 0.304708 0.043405
0.056589 0.247849 0.534928
0.096763 0.455000 0.113355
0.126775 0.038606 0.547199
0.023230 0.287929 0.626005
0.229230 0.556870 0.123842
0.190715 0.087658 0.001371
0.033878 0.353049 0.426773
0.135241 0.116024 0.087793
0.072197 0.127656 0.308553
0.307902 0.469721 0.085956
0.174014 0.426283 0.371001
0.448049 0.025683 0.385034
0.611658 0.050796 0.201091
0.568120 0.280250 0.082173
0.627260 0.315066 0.014462
0.741719 0.025000 0.221121
0.092157 0.511613 0.278237
0.190606 0.576254 0.145755
0.168651 0.485926 0.087491
0.103844 0.040853 0.625769
0.003678 0.287496 0.017570
0.076188 0.251894 0.152381
0.695944 0.102236 0.132810
0.256352 0.227981 0.462373
0.554471 0.413510 0.001481
0.263279 0.461420 0.268898
0.365335 0.112032 0.167626
0.097188 0.495321 0.378780
0.009972 0.241446 0.018333
0.371756 0.313301 0.041587
0.038526 0.129626 0.705763
0.153195 0.434691 0.343997
0.308005 0.118643 0.527545
0.115917 0.179799 0.665917
0.295036 0.081668 0.083508
0.143159 0.207895 0.048645
0.036163 0.485997 0.240108
0.101524 0.405623 0.112667
0.069069 0.012054 0.074726
0.283399 0.046427 0.400752
0.013035 0.517492 0.266878
0.550025 0.189564 0.093877
0.263477 0.259181 0.222829
0.182662 0.557667 0.089746
0.019700 0.074519 0.612986
0.038622 0.688468 0.089065
0.173814 0.256537 0.440195
0.103986 0.233101 0.094845
0.301344 0.072179 0.197809
0.307993 0.286523 0.328523
0.006803 0.805706 0.084630
0.417969 0.040517 0.368886
0.084671 0.205660 0.046186
0.027574 0.062573 0.050091
0.288924 0.057072 0.367141
0.187884 0.152524 0.147020
0.396152 0.069360 0.076244
0.246434 0.330879 0.115673
0.003642 0.298573 0.005743
0.680432 0.050665 0.230453
0.774586 0.054338 0.004742
0.258029 0.016774 0.026205
0.102258 0.183427 0.552880
0.003795 0.506404 0.309537
0.091175 0.189312 0.712034
0.649855 0.037251 0.277219
0.236300 0.267018 0.320791
0.037815 0.883545 0.044724
0.179550 0.584724 0.034313
0.381994 0.168598 0.219892
0.050399 0.164130 0.592213
0.153714 0.492814 0.127445
0.140912 0.603646 0.058875
0.146077 0.625582 0.017101
0.270506 0.122541 0.530566
0.589297 0.079431 0.141876
0.223465 0.366724 0.243636
0.066714 0.564849 0.185061
0.496973 0.030458 0.433859
0.412499 0.096775 0.478788
0.556161 0.177910 0.018907
0.422027 0.308143 0.247222
0.071346 0.048512 0.779769
0.035235 0.160806 0.003969
0.265528 0.687797 0.033166
0.199859 0.072603 0.124487
0.016651 0.919671 0.018232
0.021789 0.223848 0.574723
0.213730 0.083564 0.412106
0.122627 0.199147 0.535398
0.318749 0.307230 0.126751
0.333557 0.131823 0.108320
0.021097 0.694067 0.080791
0.145167 0.690968 0.078543
0.319827 0.414399 0.104655
0.116099 0.066688 0.019271
0.165171 0.185183 0.452374
0.170691 0.611141 0.121360
0.417251 0.032111 0.310950
0.187149 0.577509 0.002090
0.087705 0.326444 0.222749
0.575239 0.237432 0.163806
0.093645 0.233298 0.422485
0.062619 0.037122 0.675398
0.015543 0.009171 0.140374
0.152880 0.066902 0.720732
0.064353 0.615681 0.084988
0.094552 0.600635 0.056235
0.299079 0.371239 0.146236
0.007827 0.254389 0.202826
0.089301 0.656301 0.199689
0.255816 0.631570 0.053191
0.215797 0.584177 0.157310
0.024447 0.655517 0.070018
0.098999 0.710847 0.008600
0.197210 0.366123 0.185911
0.775705 0.000681 0.006290
0.199461 0.393677 0.222467
0.251765 0.035949 0.106380
0.159389 0.595012 0.149927
0.339812 0.568964 0.021948
0.086670 0.023404 0.164936
0.341683 0.044518 0.206424
0.013782 0.099725 0.312871
0.577265 0.198944 0.120967
0.084639 0.010775 0.790330
0.067351 0.126577 0.493343
0.076364 0.358351 0.548091
0.517221 0.310407 0.120965
0.350489 0.146828 0.365642
0.309247 0.601651 0.031849
0.259923 0.517349 0.008003
0.027421 0.800263 0.052694
0.210986 0.001865 0.648965
0.019200 0.057832 0.748390
0.039773 0.385150 0.024628
0.306579 0.310942 0.144286
0.737108 0.024688 0.222370
0.132879 0.545812 0.139714
0.198269 0.552513 0.106271
0.283271 0.214235 0.277055
0.066532 0.325558 0.016710
0.240401 0.035109 0.091306
0.015896 0.654020 0.078898
0.046385 0.897294 0.045911
0.366680 0.137681 0.097548
0.414414 0.209091 0.247562
0.096912 0.211634 0.467128
0.328487 0.584949 0.029870
0.221799 0.067576 0.042504
0.013237 0.111688 0.124555
0.166879 0.243815 0.266276
0.207459 0.008041 0.770264
0.034394 0.642836 0.184192
0.125221 0.509566 0.104174
0.084944 0.819980 0.061546
0.129900 0.116749 0.265876
0.131554 0.142062 0.300777
0.138573 0.608597 0.078523
0.480835 0.251366 0.075627
0.137786 0.440912 0.102438
0.340334 0.150362 0.189584
0.560026 0.083965 0.144094
0.005685 0.499068 0.156544
0.594824 0.207639 0.096851
0.003711 0.915230 0.051703
0.062144 0.261765 0.263229
0.346663 0.215477 0.149637
0.353724 0.212537 0.381833
0.456507 0.520897 0.010096
0.298351 0.079211 0.548143
0.277971 0.084420 0.387529
0.098495 0.020516 0.570763
0.197867 0.108285 0.094164
0.498890 0.266237 0.223278
0.141860 0.050302 0.720262
0.085322 0.698337 0.111845
0.377366 0.219932 0.315333
0.336850 0.004615 0.595202
0.156627 0.500169 0.309563
0.215097 0.001317 0.153422
0.211213 0.071529 0.479872
0.115000 0.507998 0.332086
0.111255 0.017116 0.110447
0.161332 0.203672 0.002930
0.022135 0.644932 0.318323
0.206604 0.102641 0.210690
0.237278 0.151844 0.149285
0.469191 0.158138 0.012412
0.449662 0.232491 0.039280
0.141755 0.266259 0.008164
0.203062 0.234205 0.224941
0.080809 0.137397 0.142512
0.282070 0.461444 0.068976
0.124237 0.391493 0.118948
0.186957 0.312581 0.015968
0.151446 0.461254 0.369830
0.160027 0.592728 0.165960
0.033156 0.168192 0.307195
0.184201 0.374240 0.405020
0.146298 0.314855 0.050291
0.771483 0.084059 0.074280
0.170080 0.110298 0.023467
0.000015 0.945439 0.049027
0.403176 0.259577 0.073625
0.092797 0.618440 0.149864
0.577465 0.041414 0.040376
0.558503 0.286253 0.010125
0.479700 0.231672 0.187178
0.003244 0.362387 0.074274
0.116325 0.067298 0.707883
0.337791 0.020949 0.526130
0.025576 0.104960 0.101101
0.200549 0.061918 0.455649
0.000188 0.348760 0.555774
0.673073 0.122215 0.164520
0.214968 0.063998 0.480794
0.000000 0.567726 0.346755
0.354832 0.502738 0.107691
0.121843 0.135389 0.044367
0.099098 0.489881 0.040843
0.417078 0.084381 0.127156
0.297395 0.179569 0.063526
0.003740 0.158886 0.179512
0.267582 0.158085 0.282322
0.175988 0.391593 0.056311
0.117258 0.582115 0.033508
0.623326 0.305590 0.053304
0.526179 0.118872 0.046192
0.314956 0.137180 0.510073
0.414579 0.115036 0.134844
0.047041 0.020852 0.813930
0.023528 0.272734 0.601899
0.049962 0.760211 0.092804
0.153531 0.354530 0.112952
