9704
8392
5744
11036
7657
5896
9710
4361
3190
4361
11036
1582
11036
11190
4000
6191
11190
9709
5896
2974
9704
8392
4000
7998
7657
8392
10412
1589
11190
11140
10412
1589
1074
10412
457
7998
5896
11037
8392
11190
11190
11190
11190
9709
5744
10411
9500
11178
11190
1074
5892
10445
10787
4049
7657
5896
1589
2974
11036
5896
9709
7998
3190
8205
10412
5744
5896
4000
1074
4361
10412
6257
5716
457
3190
7998
4000
5032
11190
4000
540
10411
4361
10411
3190
7998
9098
9710
5744
7657
11190
8392
11190
10412
11178
7998
10412
11190
11190
11190
8205
1589
5896
5649
5896
2974
8392
10445
11036
9709
1589
9098
10411
1074
11036
7998
2974
10411
3190
4361
8392
10411
4361
8392
4900
11178
11140
10411
5744
11190
7998
1589
1589
1589
10411
7657
5032
9704
11190
11190
11190
5649
2974
6191
1589
5896
7657
11036
5032
1582
8392
10412
11190
3944
4000
7998
11178
1589
8392
9098
4000
11178
9709
9500
1074
1074
4000
8392
4000
5896
2974
2974
4361
3190
8205
9098
10411
11140
9709
4361
11140
4361
8392
540
11036
4361
11037
11190
5744
11190
9710
9704
11140
11140
10412
4361
7657
11178
11036
11037
5896
8205
7998
7998
10787
9709
5716
7998
9709
1589
11036
1589
2974
10412
11190
11190
4000
11178
5896
1589
6191
4000
5716
11190
7998
11178
1074
8392
1589
3444
2589
2589
11190
9704
4361
8392
3190
7998
4000
8392
1589
4900
8205
11140
10411
10411
5744
5032
1582
11190
11190
8392
8205
4049
1589
1589
11190
7657
6191
8392
5896
9098
11190
5032
2974
11036
8392
2974
5744
4000
11036
8392
11190
6191
4000
3190
11190
8392
7998
10412
4000
10445
9704
11190
8392
5744
10411
8392
9098
5896
8205
3444
8392
1589
8392
5896
11190
11036
4000
7657
1074
10445
1589
4000
4361
1074
7657
5896
10411
9709
10412
1589
9710
11178
5896
4361
540
7657
11037
11036
9098
9098
2974
4361
1074
1074
457
5649
5716
1589
7998
5716
5442
10787
7657
4361
6191
9710
11140
11036
2974
8392
4000
8205
11190
8205
11037
8392
9709
11140
1589
8392
1589
1074
10412
6257
1074
4361
10412
6191
6191
2974
9710
11036
8392
9709
9709
8392
4049
7657
11190
1074
8205
11140
8205
8392
8392
4000
9709
7657
4900
6191
11036
1074
8392
11190
11190
9704
11036
11036
11036
3190
9709
5896
5032
10412
10412
6191
1589
1589
2974
2974
2974
8205
9709
9709
3190
11190
1589
11037
8392
2589
4361
5716
1589
5896
5896
10445
4000
7657
10411
10411
5896
8205
1074
11178
5896
10411
5744
5896
7998
5744
5744
9709
9709
8392
5896
5716
4900
5716
6257
5716
11036
5896
4361
10412
11036
1074
9704
7998
7998
11190
11190
5649
3190
11037
6191
4000
11190
11140
11140
10411
10412
11190
8205
9098
11190
11037
11190
4000
1589
2974
5744
4361
5744
3190
4361
4361
9098
10412
5896
11036
10412
10412
5716
540
11190
5896
5896
4900
2974
2974
3190
8392
10412
8392
4049
1074
5744
5744
4361
9500
8392
11190
1074
8392
11178
11178
11036
1074
5896
8392
9704
9709
1074
10412
11036
11036
11036
11036
1589
10412
4361
1074
6191
4049
10411
11037
2974
9704
10411
10412
5896
3190
8392
11190
8392
5716
10412
11190
9709
5716
10412
7657
1074
8392
5896
8205
11190
11190
11178
7657
11178
5896
9098
540
9709
9098
10411
10412
9704
1074
10412
11036
5896
7998
9500
6191
8392
457
11190
11190
8392
9704
8205
10412
5896
7998
11140
2974
5896
11140
4361
9098
6257
7657
5649
1589
5896
10411
11190
9098
4000
9709
5032
5896
9709
9709
11190
11190
10412
1589
8392
6191
10411
5032
11190
4900
10445
9710
7998
10411
8392
8392
11140
4900
11036
10787
2974
7657
9709
11190
3190
8392
10411
9704
9704
8392
9709
5716
5896
7998
11190
10445
1074
5442
4000
11036
10411
5896
11190
4361
10412
11140
3190
3190
4900
11178
11037
6191
11190
11190
7998
2974
11036
3944
9098
11190
5896
2974
9098
9098
4900
5896
4000
5896
11140
10412
9704
4000
8392
5896
9709
9709
6191
11178
10412
7998
2974
2974
9098
9704
1074
5896
5896
8392
10412
3190
11036
4000
1074
3190
7657
2974
5744
10411
11036
8205
3190
4361
5716
1589
10412
9710
4000
2589
3444
1074
9709
9709
4000
9098
1589
8392
9709
11190
11036
9098
9709
4361
1074
11190
11178
4900
3190
8392
8205
8205
5896
1074
9709
10411
11178
10411
2974
2974
4361
7657
11036
11190
1589
11036
7998
3190
4361
1589
10412
2974
4000
10411
6257
6257
1582
9709
10412
540
11140
11036
7657
10445
9709
9709
5032
9709
2589
7657
5896
5032
6191
1589
9709
9098
6191
10411
4361
8205
1589
11190
11178
8392
4049
11190
11190
11190
8392
1589
9098
7998
9709
10411
10412
11178
5716
11190
4000
4361
2974
5896
11190
10412
5649
7998
6191
4361
11190
7998
11190
7998
10411
10412
9710
7657
3190
11190
5032
7657
9709
9704
11036
9709
5744
11190
1582
11036
8392
1589
4000
3444
1074
4900
11190
10411
9710
2974
11190
8205
4000
7998
4361
10412
1582
5716
6257
11190
1589
5892
5896
8392
5716
11190
7998
5716
2589
11190
11036
11190
8205
5032
11190
5032
5032
9098
1589
9098
9098
2974
5896
4361
10411
8392
5032
11190
5896
1589
1589
10412
11036
11140
4000
1074
4900
4361
11036
3190
4361
6191
11140
7998
4000
8392
10411
8392
7657
8205
8392
3190
1589
7998
5716
4361
9710
11036
4000
8392
10787
2974
8392
10412
3444
11036
11140
7998
2974
10411
6191
6191
11190
11178
4000
3444
1589
5896
9709
1582
3190
7998
4361
11178
11036
2974
7657
10787
8392
6191
11190
5896
4000
11190
4361
8205
7998
4000
10787
11178
10412
7933
11036
9710
7998
10411
11140
4000
4361
5896
2974
4000
11178
7657
8392
6191
7998
4361
4000
5896
11178
7657
4000
6191
8392
1074
11037
8392
5896
5032
8205
4000
11190
2974
10787
8392
11140
10412
7657
11190
11140
7998
11190
1589
8392
9704
4900
7657
10412
1589
11190
11036
9098
10787
3444
10412
1589
3190
1074
1074
5032
10412
4000
4000
11036
2974
1589
4000
5032
5032
7657
1589
5896
11190
4361
8392
8392
9098
5896
1074
5032
11036
4000
4000
11036
4361
3190
1589
8392
1589
10412
9098
11190
3190
4000
2974
8392
7657
10412
1589
1074
1074
3190
1074
10412
5896
4000
2974
10412
1074
1589
3190
2974
8392
11036
3190
1589
4000
11036
4361
7998
10412
5896
10412
1589
1589
11036
3190
2974
5896
3190
1589
3190
1589
5896
1589
7657
2974
1589
11036
11190
1074
1074
4000
2974
3190
1589
11036
5896
4000
11036
1589
2974
11036
11036
1589
5032
5896
10411
11036
11036
4000
7657
1589
7657
1589
5896
4000
4000
5896
3190
1589
7657
5896
4361
4000
10412
2974
7657
10412
1589
4361
5032
4361
3190
1589
11190
2974
1074
7657
7998
5896
10412
8392
3190
1589
4000
10412
9709
7657
2974
2974
5032
2974
4361
1074
9098
11190
1074
11190
3190
2974
1074
3190
11036
4000
10411
1074
8392
5896
4000
1589
10411
10412
1589
10412
2974
10412
1589
10412
1589
4361
8392
5896
5032
4361
11036
8392
1589
5896
11036
8392
11190
7657
5032
1589
5896
5896
7998
11190
5896
9709
3190
4361
4000
1074
2974
4361
11036
3190
11036
8392
5896
1589
8392
5032
1589
7657
1074
10412
7657
1074
5896
10412
3190
3190
3190
5896
8392
4361
3190
9709
4361
11036
9709
8392
9709
1074
4000
4000
4000
10412
9709
9709
5896
9098
5896
3190
3190
8392
1589
1589
5896
4000
10412
5896
3190
1589
7998
10412
10412
9098
1589
1589
3190
10412
10412
8392
10412
1589
3190
10412
3190
3190
10411
1589
1074
4361
1589
4000
1589
1589
1589
1589
5032
4361
1589
5032
10411
8392
4000
4361
7998
11036
11036
2974
11036
8392
5032
10412
5896
7657
1589
9704
2974
9709
2974
4000
4000
4361
7998
4361
5896
10412
1589
11190
7657
2974
10412
1074
4000
10412
10411
10411
10411
3190
10411
7998
1589
8392
2974
3190
7998
2974
11036
1589
7657
11037
9709
1589
10412
10411
9709
9709
2974
4361
8392
8392
1589
10412
5896
2974
1074
10412
10411
11036
8392
2974
1074
