0.000000 -0.000000 -0.000000
1.000000 0.000000 0.000000
0.000000 0.000000 0.000000
0.000000 0.000000 0.000000
1.000000 0.000000 0.000000
-0.000000 1.000000 0.000000
0.000000 1.000000 0.000000
-0.000000 -0.000000 1.000000
0.000000 0.000000 0.000000
0.000000 0.000000 1.000000
-0.000000 0.000000 1.000000
1.000000 0.000000 0.000000
0.000000 0.000000 1.000000
1.000000 0.000000 0.000000
0.000000 0.000000 0.000000
0.000000 -0.000000 1.000000
0.000000 -0.000000 1.000000
0.000000 0.000000 1.000000
0.100259 0.281603 0.233285
0.000000 0.000000 1.000000
0.000000 0.000000 1.000000
1.000000 0.000000 0.000000
0.000000 0.000000 0.000000
-0.000000 -0.000000 0.000000
-0.000000 -0.000000 1.000000
0.000000 1.000000 0.000000
0.000000 0.000000 0.000000
1.000000 0.000000 0.000000
0.000000 -0.000000 0.000000
0.000000 -0.000000 1.000000
-0.000000 1.000000 0.000000
0.000000 -0.000000 1.000000
-0.000000 0.000000 1.000000
-0.000000 0.000000 1.000000
-0.000000 1.000000 0.000000
0.000000 0.000000 0.000000
0.000000 0.000000 0.000000
-0.000000 1.000000 0.000000
0.000000 -0.000000 1.000000
0.000000 0.000000 1.000000
-0.000000 1.000000 0.000000
-0.000000 1.000000 0.000000
0.000000 0.000000 1.000000
-0.000000 -0.000000 -0.000000
0.000000 1.000000 0.000000
-0.000000 0.000000 -0.000000
0.000000 0.000000 1.000000
-0.000000 0.000000 0.000000
-0.000000 0.000000 0.000000
0.000000 -0.000000 1.000000
-0.000000 1.000000 0.000000
0.000000 1.000000 0.000000
0.000000 1.000000 0.000000
-0.000000 0.000000 1.000000
0.000000 -0.000000 1.000000
0.000000 -0.000000 1.000000
0.000000 -0.000000 1.000000
0.000000 0.000000 0.000000
-0.000000 1.000000 0.000000
0.000000 1.000000 0.000000
-0.000000 1.000000 0.000000
0.038833 0.075314 0.537674
0.000000 0.000000 0.000000
0.227200 0.256055 0.468604
0.000000 0.000000 0.000000
0.131303 0.113957 0.711173
0.000000 0.000000 0.000000
0.000000 0.000000 0.000000
-0.000000 -0.000000 1.000000
0.000000 -0.000000 1.000000
0.047439 0.175764 0.454907
0.000000 0.000000 1.000000
0.000000 0.000000 0.000000
0.000000 0.000000 0.000000
0.000000 -0.000000 1.000000
-0.000000 -0.000000 1.000000
0.000000 0.000000 1.000000
0.000000 -0.000000 1.000000
0.000000 0.000000 1.000000
0.000000 0.000000 0.000000
1.000000 0.000000 0.000000
0.000000 -0.000000 1.000000
0.000000 0.000000 0.000000
0.000000 1.000000 0.000000
0.000000 0.000000 1.000000
0.000000 0.000000 0.000000
0.000000 1.000000 0.000000
0.000000 0.000000 0.000000
0.000000 0.000000 0.000000
1.000000 0.000000 0.000000
0.000000 -0.000000 0.000000
-0.000000 -0.000000 1.000000
-0.000000 0.000000 -0.000000
0.000000 0.000000 1.000000
-0.000000 1.000000 0.000000
0.000000 0.000000 1.000000
0.000000 0.000000 0.000000
0.000000 0.000000 1.000000
1.000000 0.000000 0.000000
-0.000000 -0.000000 1.000000
0.000000 -0.000000 1.000000
1.000000 0.000000 0.000000
0.000000 0.000000 0.000000
0.212060 0.217220 0.183095
-0.000000 0.000000 1.000000
0.037229 0.453494 0.188972
0.000000 0.000000 1.000000
0.000000 0.000000 0.000000
0.000000 0.000000 0.000000
-0.000000 0.000000 1.000000
-0.000000 1.000000 0.000000
1.000000 0.000000 0.000000
-0.000000 -0.000000 0.000000
0.000000 -0.000000 1.000000
-0.000000 -0.000000 1.000000
-0.000000 0.000000 1.000000
0.000000 1.000000 0.000000
0.000000 -0.000000 1.000000
0.000000 0.000000 0.000000
0.000000 0.000000 -0.000000
1.000000 0.000000 0.000000
-0.000000 -0.000000 1.000000
0.000000 0.000000 0.000000
0.000000 0.000000 1.000000
0.000000 0.000000 1.000000
0.000000 0.000000 0.000000
0.000000 0.000000 0.000000
0.750559 0.014505 0.135103
-0.000000 1.000000 0.000000
-0.000000 0.000000 1.000000
0.000000 -0.000000 1.000000
0.000000 0.000000 0.000000
-0.000000 0.000000 -0.000000
0.000000 0.000000 0.000000
1.000000 0.000000 0.000000
-0.000000 -0.000000 1.000000
1.000000 0.000000 0.000000
0.359877 0.062274 0.279257
0.000000 1.000000 0.000000
0.000000 -0.000000 1.000000
0.000000 -0.000000 1.000000
0.000000 0.000000 1.000000
0.000000 1.000000 0.000000
-0.000000 -0.000000 1.000000
-0.000000 1.000000 0.000000
0.000000 0.000000 0.000000
-0.000000 -0.000000 1.000000
-0.000000 -0.000000 0.000000
-0.000000 -0.000000 0.000000
1.000000 0.000000 0.000000
1.000000 0.000000 0.000000
0.000000 0.000000 -0.000000
0.000000 0.000000 -0.000000
0.000000 0.000000 1.000000
-0.000000 0.000000 1.000000
0.000000 0.000000 1.000000
0.000000 0.000000 1.000000
0.000000 -0.000000 -0.000000
0.000000 0.000000 0.000000
-0.000000 -0.000000 1.000000
0.000000 0.000000 0.000000
1.000000 0.000000 0.000000
0.000000 -0.000000 1.000000
0.000000 -0.000000 1.000000
-0.000000 -0.000000 -0.000000
-0.000000 -0.000000 -0.000000
1.000000 0.000000 0.000000
-0.000000 -0.000000 1.000000
-0.000000 0.000000 0.000000
0.000000 0.000000 1.000000
0.000000 -0.000000 1.000000
0.010880 0.308025 0.674066
0.000000 -0.000000 1.000000
0.000000 -0.000000 -0.000000
-0.000000 -0.000000 -0.000000
0.000000 -0.000000 0.000000
-0.000000 -0.000000 1.000000
-0.000000 -0.000000 -0.000000
-0.000000 0.000000 1.000000
1.000000 0.000000 0.000000
0.000000 0.000000 1.000000
1.000000 0.000000 0.000000
-0.000000 0.000000 1.000000
-0.000000 0.000000 -0.000000
0.504930 0.392950 0.027932
0.000000 0.000000 1.000000
0.000000 1.000000 0.000000
0.000000 1.000000 0.000000
0.000000 1.000000 0.000000
-0.000000 -0.000000 1.000000
0.000000 0.000000 0.000000
-0.000000 -0.000000 1.000000
0.000000 0.000000 1.000000
0.000000 -0.000000 1.000000
1.000000 0.000000 0.000000
-0.000000 -0.000000 -0.000000
0.000000 0.000000 0.000000
-0.000000 0.000000 -0.000000
0.000000 -0.000000 1.000000
-0.000000 -0.000000 1.000000
-0.000000 -0.000000 0.000000
0.000000 0.000000 1.000000
0.121768 0.277816 0.456932
0.000000 1.000000 0.000000
0.000000 0.000000 1.000000
0.000000 -0.000000 0.000000
0.000000 0.000000 1.000000
0.000000 0.000000 1.000000
0.000000 -0.000000 1.000000
0.000000 0.000000 1.000000
-0.000000 0.000000 1.000000
-0.000000 0.000000 0.000000
1.000000 0.000000 0.000000
0.000000 0.000000 -0.000000
-0.000000 1.000000 0.000000
0.676129 0.064849 0.131662
-0.000000 0.000000 1.000000
-0.000000 -0.000000 -0.000000
0.000000 -0.000000 -0.000000
-0.000000 0.000000 1.000000
0.005579 0.686577 0.077903
-0.000000 0.000000 1.000000
0.000000 0.000000 -0.000000
0.000000 0.000000 0.000000
0.000000 0.000000 1.000000
0.000000 1.000000 0.000000
0.000000 0.000000 0.000000
0.000000 0.000000 1.000000
0.000000 0.000000 0.000000
0.000000 0.000000 0.000000
-0.000000 1.000000 0.000000
-0.000000 -0.000000 1.000000
0.000000 0.000000 0.000000
-0.000000 0.000000 1.000000
0.000000 0.000000 1.000000
0.000000 1.000000 0.000000
0.000000 0.000000 1.000000
-0.000000 -0.000000 1.000000
0.000000 1.000000 0.000000
-0.000000 1.000000 0.000000
0.000000 1.000000 0.000000
0.000000 -0.000000 1.000000
-0.000000 1.000000 0.000000
-0.000000 -0.000000 1.000000
-0.000000 0.000000 1.000000
0.000000 0.000000 1.000000
-0.000000 -0.000000 0.000000
0.000000 0.000000 0.000000
-0.000000 0.000000 -0.000000
-0.000000 -0.000000 -0.000000
-0.000000 0.000000 1.000000
0.000000 0.000000 0.000000
0.230084 0.736288 0.022312
1.000000 0.000000 0.000000
0.000000 0.000000 0.000000
1.000000 0.000000 0.000000
-0.000000 -0.000000 1.000000
0.000000 0.000000 1.000000
0.224972 0.035365 0.684049
-0.000000 -0.000000 1.000000
0.000000 0.000000 1.000000
0.000000 0.000000 0.000000
0.000000 0.000000 0.000000
0.000000 0.000000 0.000000
0.000000 0.000000 0.000000
0.000000 0.000000 0.000000
0.000000 1.000000 0.000000
1.000000 0.000000 0.000000
-0.000000 -0.000000 1.000000
1.000000 0.000000 0.000000
0.000000 0.000000 0.000000
-0.000000 1.000000 0.000000
0.000000 0.000000 1.000000
-0.000000 -0.000000 0.000000
0.000000 0.000000 0.000000
0.000000 -0.000000 1.000000
0.000000 -0.000000 0.000000
-0.000000 -0.000000 0.000000
0.000000 -0.000000 1.000000
1.000000 0.000000 0.000000
0.000000 0.000000 1.000000
-0.000000 -0.000000 1.000000
-0.000000 1.000000 0.000000
0.000000 -0.000000 1.000000
0.193786 0.587979 0.130232
-0.000000 0.000000 -0.000000
1.000000 0.000000 0.000000
-0.000000 0.000000 1.000000
0.000000 0.000000 1.000000
-0.000000 -0.000000 1.000000
0.000000 -0.000000 1.000000
0.084167 0.178537 0.379165
0.000000 -0.000000 0.000000
0.000000 0.000000 1.000000
1.000000 0.000000 0.000000
0.000000 0.000000 0.000000
-0.000000 1.000000 0.000000
-0.000000 0.000000 1.000000
0.000000 0.000000 0.000000
0.000000 0.000000 0.000000
0.000000 1.000000 0.000000
1.000000 0.000000 0.000000
0.000000 0.000000 0.000000
1.000000 0.000000 0.000000
0.000000 0.000000 1.000000
0.000000 0.000000 0.000000
0.000000 0.000000 0.000000
-0.000000 1.000000 0.000000
-0.000000 0.000000 1.000000
-0.000000 0.000000 1.000000
0.000000 -0.000000 -0.000000
0.000000 0.000000 0.000000
0.000000 -0.000000 -0.000000
-0.000000 0.000000 -0.000000
-0.000000 0.000000 0.000000
0.000000 0.000000 0.000000
0.155619 0.092040 0.680723
0.000000 -0.000000 0.000000
0.000000 0.000000 0.000000
-0.000000 -0.000000 1.000000
0.000000 0.000000 0.000000
0.000000 0.000000 0.000000
0.000000 -0.000000 1.000000
0.000000 0.000000 0.000000
0.202412 0.148591 0.632323
0.000000 0.000000 0.000000
0.000000 -0.000000 0.000000
0.000000 0.000000 0.000000
0.000000 0.000000 0.000000
-0.000000 1.000000 0.000000
-0.000000 0.000000 1.000000
-0.000000 0.000000 1.000000
0.069578 0.020985 0.874453
-0.000000 0.000000 1.000000
0.000000 0.000000 0.000000
0.000000 0.000000 0.000000
-0.000000 0.000000 0.000000
0.716509 0.020084 0.036017
0.108134 0.280517 0.470372
0.035296 0.552949 0.388719
0.000000 0.000000 0.000000
0.000000 -0.000000 -0.000000
0.000000 0.000000 1.000000
0.000000 0.000000 0.000000
0.000000 1.000000 0.000000
0.000000 0.000000 0.000000
0.489623 0.291927 0.103460
0.000000 0.000000 0.000000
-0.000000 -0.000000 1.000000
0.000000 0.000000 0.000000
0.000000 0.000000 1.000000
0.000000 0.000000 0.000000
0.000000 0.000000 1.000000
0.000000 1.000000 0.000000
-0.000000 0.000000 1.000000
0.000000 -0.000000 1.000000
1.000000 0.000000 0.000000
1.000000 0.000000 0.000000
-0.000000 0.000000 1.000000
0.000000 0.000000 0.000000
1.000000 0.000000 0.000000
-0.000000 0.000000 0.000000
0.000000 -0.000000 1.000000
0.000000 0.000000 0.000000
0.327736 0.110428 0.510630
0.000000 1.000000 0.000000
-0.000000 -0.000000 -0.000000
0.240666 0.079308 0.592175
0.000000 -0.000000 1.000000
0.000000 0.000000 0.000000
-0.000000 -0.000000 1.000000
0.264470 0.281457 0.401942
0.000000 0.000000 1.000000
0.020975 0.260720 0.198689
0.000000 1.000000 0.000000
0.000000 -0.000000 1.000000
0.000000 0.000000 1.000000
0.000000 0.000000 0.000000
0.000000 0.000000 0.000000
-0.000000 0.000000 1.000000
-0.000000 0.000000 1.000000
0.000000 1.000000 0.000000
0.124143 0.626331 0.248831
1.000000 0.000000 0.000000
0.000000 1.000000 0.000000
0.066513 0.446504 0.173928
-0.000000 0.000000 1.000000
-0.000000 -0.000000 -0.000000
0.000000 0.000000 0.000000
0.000000 -0.000000 1.000000
0.000000 0.000000 0.000000
1.000000 0.000000 0.000000
0.000000 0.000000 0.000000
1.000000 0.000000 0.000000
0.000000 -0.000000 0.000000
0.000000 0.000000 0.000000
0.000000 0.000000 0.000000
-0.000000 0.000000 1.000000
0.482890 0.204351 0.248981
0.000000 0.000000 1.000000
0.000000 0.000000 0.000000
-0.000000 0.000000 1.000000
0.000000 0.000000 0.000000
-0.000000 1.000000 0.000000
-0.000000 -0.000000 0.000000
0.561089 0.000414 0.237377
-0.000000 -0.000000 1.000000
0.000000 0.000000 -0.000000
0.000000 0.000000 0.000000
-0.000000 -0.000000 1.000000
-0.000000 -0.000000 0.000000
0.000000 -0.000000 1.000000
0.000000 0.000000 0.000000
0.000000 0.000000 0.000000
0.000000 0.000000 0.000000
-0.000000 0.000000 0.000000
0.000000 -0.000000 1.000000
0.000000 0.000000 0.000000
0.000000 -0.000000 1.000000
0.000000 0.000000 0.000000
-0.000000 0.000000 1.000000
0.000000 0.000000 0.000000
0.000000 0.000000 0.000000
0.000000 1.000000 0.000000
-0.000000 1.000000 0.000000
-0.000000 -0.000000 1.000000
0.000000 0.000000 1.000000
0.000000 0.000000 0.000000
0.000000 0.000000 1.000000
0.000000 0.000000 0.000000
0.070500 0.063755 0.823617
-0.000000 0.000000 1.000000
0.000000 1.000000 0.000000
1.000000 0.000000 0.000000
0.000000 -0.000000 0.000000
-0.000000 0.000000 1.000000
0.000000 0.000000 0.000000
0.000000 1.000000 0.000000
0.000000 0.000000 -0.000000
-0.000000 -0.000000 1.000000
-0.000000 -0.000000 -0.000000
-0.000000 0.000000 1.000000
0.000000 0.000000 1.000000
0.000000 0.000000 0.000000
-0.000000 0.000000 0.000000
-0.000000 0.000000 0.000000
1.000000 0.000000 0.000000
0.000000 1.000000 0.000000
0.382637 0.519701 0.066634
1.000000 0.000000 0.000000
0.065831 0.468167 0.416552
1.000000 0.000000 0.000000
0.000000 1.000000 0.000000
-0.000000 -0.000000 1.000000
0.000000 1.000000 0.000000
0.000000 0.000000 1.000000
0.000000 0.000000 0.000000
0.000000 -0.000000 1.000000
-0.000000 -0.000000 1.000000
0.000000 0.000000 0.000000
-0.000000 1.000000 0.000000
-0.000000 -0.000000 -0.000000
1.000000 0.000000 0.000000
-0.000000 0.000000 1.000000
-0.000000 0.000000 0.000000
1.000000 0.000000 0.000000
0.000000 0.000000 0.000000
0.000000 0.000000 1.000000
0.000000 0.000000 0.000000
1.000000 0.000000 0.000000
0.000000 0.000000 0.000000
0.000000 0.000000 0.000000
0.000000 0.000000 -0.000000
0.000000 0.000000 0.000000
0.637821 0.066341 0.278309
0.000000 0.000000 0.000000
-0.000000 0.000000 1.000000
-0.000000 -0.000000 -0.000000
0.000000 -0.000000 1.000000
0.110046 0.009878 0.268452
0.000000 0.000000 0.000000
-0.000000 0.000000 1.000000
1.000000 0.000000 0.000000
0.332035 0.006067 0.294855
0.000000 0.000000 0.000000
0.000000 1.000000 0.000000
1.000000 0.000000 0.000000
0.000000 0.000000 0.000000
0.000000 0.000000 0.000000
-0.000000 0.000000 0.000000
0.460402 0.365146 0.132635
0.000000 0.000000 1.000000
1.000000 0.000000 0.000000
-0.000000 1.000000 0.000000
0.000000 0.000000 0.000000
0.055927 0.602427 0.142392
1.000000 0.000000 0.000000
0.337917 0.509717 0.130805
0.825477 0.006665 0.044562
0.000000 0.000000 1.000000
1.000000 0.000000 0.000000
0.000000 0.000000 0.000000
0.000000 1.000000 0.000000
0.000000 -0.000000 0.000000
0.000000 0.000000 0.000000
0.000000 0.000000 1.000000
0.461883 0.033260 0.463866
0.000000 -0.000000 1.000000
0.000000 1.000000 0.000000
1.000000 0.000000 0.000000
0.177646 0.022202 0.700633
-0.000000 -0.000000 1.000000
1.000000 0.000000 0.000000
0.000000 0.000000 0.000000
0.000000 -0.000000 1.000000
0.000000 0.000000 0.000000
-0.000000 -0.000000 1.000000
1.000000 0.000000 0.000000
-0.000000 -0.000000 1.000000
0.000000 0.000000 0.000000
-0.000000 -0.000000 0.000000
-0.000000 1.000000 0.000000
0.000000 0.000000 1.000000
0.000000 0.000000 0.000000
0.000000 -0.000000 -0.000000
1.000000 0.000000 0.000000
0.000000 0.000000 0.000000
-0.000000 0.000000 1.000000
-0.000000 -0.000000 1.000000
0.000000 -0.000000 -0.000000
0.000000 0.000000 -0.000000
0.000000 1.000000 0.000000
0.000000 -0.000000 -0.000000
0.000000 0.000000 1.000000
0.000000 0.000000 0.000000
0.077471 0.589024 0.203975
0.000000 0.000000 0.000000
-0.000000 -0.000000 0.000000
0.000000 0.000000 1.000000
0.000000 -0.000000 1.000000
0.000000 0.000000 0.000000
0.000000 -0.000000 1.000000
0.000000 0.000000 0.000000
0.253008 0.060563 0.609221
-0.000000 0.000000 0.000000
-0.000000 -0.000000 1.000000
0.000000 -0.000000 1.000000
0.000000 0.000000 0.000000
0.000000 0.000000 1.000000
0.000000 0.000000 1.000000
1.000000 0.000000 0.000000
-0.000000 1.000000 0.000000
0.000000 -0.000000 1.000000
-0.000000 0.000000 1.000000
0.000000 -0.000000 -0.000000
0.000000 0.000000 0.000000
1.000000 0.000000 0.000000
0.000000 1.000000 0.000000
1.000000 0.000000 0.000000
0.000000 0.000000 -0.000000
0.000000 0.000000 0.000000
1.000000 0.000000 0.000000
0.000000 0.000000 0.000000
0.000000 0.000000 0.000000
1.000000 0.000000 0.000000
0.243368 0.410402 0.282742
0.437347 0.062750 0.360933
0.000000 1.000000 0.000000
-0.000000 0.000000 1.000000
0.000000 0.000000 1.000000
0.000000 0.000000 0.000000
0.000000 0.000000 0.000000
0.000000 0.000000 0.000000
0.000000 0.000000 0.000000
-0.000000 -0.000000 1.000000
0.000000 0.000000 -0.000000
-0.000000 -0.000000 1.000000
0.000000 -0.000000 -0.000000
-0.000000 -0.000000 1.000000
1.000000 0.000000 0.000000
0.487047 0.363332 0.099614
0.000000 0.000000 1.000000
0.000000 1.000000 0.000000
0.000000 0.000000 1.000000
0.000000 0.000000 0.000000
0.000000 -0.000000 1.000000
0.000000 0.000000 0.000000
0.000000 0.000000 0.000000
0.000000 0.000000 0.000000
0.000000 0.000000 0.000000
0.000000 0.000000 -0.000000
0.000000 0.000000 1.000000
0.000000 0.000000 0.000000
0.000000 0.000000 0.000000
-0.000000 0.000000 -0.000000
0.000000 0.000000 1.000000
0.000000 -0.000000 -0.000000
-0.000000 0.000000 1.000000
0.237328 0.227985 0.518188
0.000000 1.000000 0.000000
0.070819 0.221886 0.293678
-0.000000 -0.000000 0.000000
0.000000 -0.000000 1.000000
-0.000000 -0.000000 1.000000
-0.000000 -0.000000 -0.000000
-0.000000 0.000000 -0.000000
0.000000 0.000000 0.000000
1.000000 0.000000 0.000000
0.000000 0.000000 0.000000
0.000000 0.000000 0.000000
0.000000 0.000000 0.000000
0.000000 1.000000 0.000000
0.000000 0.000000 0.000000
-0.000000 0.000000 -0.000000
0.000000 -0.000000 1.000000
0.000000 0.000000 0.000000
1.000000 0.000000 0.000000
0.121766 0.011577 0.653200
0.045496 0.599393 0.169402
0.000000 0.000000 0.000000
0.000000 0.000000 1.000000
0.000000 0.000000 0.000000
0.000000 0.000000 0.000000
0.000000 0.000000 1.000000
0.000000 0.000000 0.000000
0.000000 0.000000 0.000000
-0.000000 -0.000000 1.000000
0.000000 0.000000 0.000000
-0.000000 1.000000 0.000000
0.000000 0.000000 1.000000
-0.000000 -0.000000 1.000000
0.000000 0.000000 0.000000
0.000000 1.000000 0.000000
0.000000 0.000000 0.000000
-0.000000 0.000000 0.000000
-0.000000 -0.000000 -0.000000
0.000000 0.000000 1.000000
-0.000000 1.000000 0.000000
0.000000 0.000000 0.000000
0.475384 0.469575 0.039993
0.593934 0.061722 0.322958
0.000000 0.000000 0.000000
0.000000 0.000000 0.000000
0.000000 -0.000000 0.000000
-0.000000 0.000000 1.000000
0.124843 0.119442 0.658396
-0.000000 1.000000 0.000000
0.000000 0.000000 0.000000
0.000000 0.000000 1.000000
0.382926 0.035699 0.557839
0.000000 0.000000 0.000000
0.533522 0.000711 0.138745
0.000000 0.000000 0.000000
0.158306 0.303730 0.532629
0.000000 0.000000 0.000000
0.000000 -0.000000 1.000000
0.329290 0.334817 0.324501
0.000000 0.000000 0.000000
-0.000000 0.000000 0.000000
-0.000000 0.000000 -0.000000
0.000000 0.000000 1.000000
1.000000 0.000000 0.000000
-0.000000 0.000000 -0.000000
0.000000 0.000000 0.000000
0.000000 0.000000 0.000000
0.000000 0.000000 0.000000
0.000000 0.000000 0.000000
0.000000 0.000000 1.000000
0.000000 1.000000 0.000000
1.000000 0.000000 0.000000
0.046673 0.514156 0.434839
0.144292 0.361356 0.493480
0.000000 0.000000 1.000000
0.000000 0.000000 0.000000
0.000000 0.000000 0.000000
0.000000 0.000000 0.000000
0.000000 1.000000 0.000000
-0.000000 0.000000 1.000000
-0.000000 0.000000 1.000000
0.000000 -0.000000 1.000000
0.000000 0.000000 0.000000
-0.000000 -0.000000 0.000000
-0.000000 -0.000000 1.000000
-0.000000 0.000000 1.000000
0.000000 0.000000 0.000000
0.000000 -0.000000 1.000000
0.000000 0.000000 0.000000
-0.000000 0.000000 -0.000000
0.000000 0.000000 -0.000000
-0.000000 1.000000 0.000000
-0.000000 0.000000 1.000000
0.000000 1.000000 0.000000
0.000000 -0.000000 1.000000
0.000000 0.000000 0.000000
0.000000 0.000000 1.000000
-0.000000 0.000000 0.000000
0.000000 0.000000 0.000000
0.000000 0.000000 0.000000
1.000000 0.000000 0.000000
-0.000000 -0.000000 -0.000000
-0.000000 0.000000 1.000000
0.393247 0.160199 0.342042
0.000000 0.000000 0.000000
0.000000 0.000000 0.000000
0.000000 -0.000000 1.000000
0.000000 0.000000 -0.000000
0.000000 -0.000000 1.000000
-0.000000 -0.000000 0.000000
1.000000 0.000000 0.000000
0.000000 0.000000 0.000000
0.000000 0.000000 0.000000
-0.000000 -0.000000 1.000000
0.000000 0.000000 -0.000000
0.000000 -0.000000 0.000000
-0.000000 0.000000 0.000000
-0.000000 1.000000 0.000000
0.000000 -0.000000 1.000000
-0.000000 0.000000 1.000000
0.000000 0.000000 0.000000
0.000000 -0.000000 1.000000
1.000000 0.000000 0.000000
0.000000 0.000000 0.000000
0.000000 0.000000 0.000000
0.000000 -0.000000 0.000000
0.000000 0.000000 0.000000
0.000000 0.000000 0.000000
0.000000 0.000000 0.000000
1.000000 0.000000 0.000000
-0.000000 0.000000 -0.000000
-0.000000 0.000000 -0.000000
0.000000 0.000000 1.000000
0.000000 -0.000000 1.000000
0.000000 0.000000 0.000000
0.000000 0.000000 0.000000
0.000000 0.000000 0.000000
0.000000 0.000000 1.000000
0.321621 0.380497 0.180417
0.000000 0.000000 0.000000
0.018313 0.640671 0.336903
-0.000000 0.000000 -0.000000
0.000000 0.000000 0.000000
0.000000 0.000000 0.000000
0.000000 -0.000000 0.000000
-0.000000 0.000000 1.000000
0.000000 0.000000 0.000000
1.000000 0.000000 0.000000
0.417703 0.285979 0.129104
-0.000000 1.000000 0.000000
-0.000000 -0.000000 1.000000
-0.000000 0.000000 1.000000
-0.000000 1.000000 0.000000
-0.000000 -0.000000 1.000000
0.000000 0.000000 0.000000
0.000000 0.000000 0.000000
0.000000 0.000000 -0.000000
0.000000 0.000000 0.000000
0.000000 1.000000 0.000000
0.000000 0.000000 0.000000
0.000000 0.000000 1.000000
-0.000000 0.000000 1.000000
0.000000 0.000000 0.000000
0.000000 0.000000 0.000000
0.000000 0.000000 0.000000
-0.000000 -0.000000 0.000000
0.000000 0.000000 0.000000
0.743486 0.003789 0.239104
0.000000 1.000000 0.000000
0.000000 1.000000 0.000000
-0.000000 -0.000000 -0.000000
0.000000 -0.000000 0.000000
0.000000 0.000000 0.000000
0.000000 -0.000000 -0.000000
0.000000 0.000000 0.000000
0.000000 0.000000 0.000000
-0.000000 -0.000000 1.000000
1.000000 0.000000 0.000000
-0.000000 1.000000 0.000000
0.031198 0.135221 0.781461
0.000000 0.000000 0.000000
0.000000 0.000000 0.000000
0.000000 0.000000 0.000000
0.000000 0.000000 0.000000
-0.000000 -0.000000 -0.000000
0.000000 0.000000 0.000000
0.000000 -0.000000 1.000000
0.000000 0.000000 1.000000
0.000000 0.000000 0.000000
-0.000000 0.000000 -0.000000
0.000000 -0.000000 -0.000000
0.000000 0.000000 0.000000
0.000000 0.000000 0.000000
0.000000 -0.000000 0.000000
0.340147 0.071185 0.576829
-0.000000 -0.000000 -0.000000
0.000000 0.000000 0.000000
-0.000000 0.000000 0.000000
-0.000000 0.000000 1.000000
0.000000 0.000000 0.000000
0.000000 -0.000000 1.000000
-0.000000 1.000000 0.000000
0.000000 0.000000 0.000000
0.000000 -0.000000 -0.000000
-0.000000 0.000000 1.000000
0.000000 0.000000 -0.000000
1.000000 0.000000 0.000000
0.000000 -0.000000 1.000000
-0.000000 -0.000000 1.000000
0.000000 -0.000000 1.000000
0.000000 0.000000 0.000000
-0.000000 0.000000 1.000000
0.000000 0.000000 0.000000
-0.000000 -0.000000 1.000000
-0.000000 0.000000 -0.000000
-0.000000 -0.000000 1.000000
0.000000 0.000000 0.000000
0.000000 1.000000 0.000000
0.000000 0.000000 1.000000
0.000000 0.000000 0.000000
0.000000 0.000000 0.000000
-0.000000 0.000000 1.000000
-0.000000 0.000000 1.000000
-0.000000 -0.000000 1.000000
0.000000 0.000000 0.000000
0.000000 0.000000 1.000000
0.000000 0.000000 0.000000
0.000000 0.000000 0.000000
0.115284 0.563552 0.072249
-0.000000 0.000000 1.000000
-0.000000 -0.000000 1.000000
-0.000000 1.000000 0.000000
0.008289 0.513411 0.001658
0.000000 -0.000000 -0.000000
0.000000 -0.000000 1.000000
0.000000 0.000000 0.000000
0.000000 0.000000 1.000000
-0.000000 -0.000000 1.000000
0.000000 0.000000 0.000000
-0.000000 -0.000000 -0.000000
0.000000 0.000000 0.000000
0.000000 1.000000 0.000000
-0.000000 0.000000 1.000000
0.420104 0.416770 0.053661
0.000000 0.000000 0.000000
0.000000 0.000000 1.000000
-0.000000 0.000000 1.000000
0.000000 0.000000 0.000000
0.000000 0.000000 0.000000
-0.000000 -0.000000 1.000000
0.000000 0.000000 0.000000
0.000000 0.000000 0.000000
0.000000 0.000000 0.000000
0.539410 0.002858 0.450297
0.000000 0.000000 0.000000
-0.000000 -0.000000 0.000000
0.000000 -0.000000 1.000000
-0.000000 0.000000 -0.000000
-0.000000 0.000000 1.000000
0.603182 0.108524 0.091614
0.000000 0.000000 0.000000
0.000000 1.000000 0.000000
0.000000 1.000000 0.000000
-0.000000 1.000000 0.000000
0.000000 0.000000 0.000000
0.000000 -0.000000 1.000000
0.000000 1.000000 0.000000
-0.000000 -0.000000 -0.000000
0.000000 0.000000 0.000000
0.463997 0.472960 0.057612
0.423015 0.100714 0.472538
0.232338 0.651776 0.090901
0.000000 0.000000 0.000000
0.000000 0.000000 0.000000
0.000000 0.000000 0.000000
-0.000000 0.000000 1.000000
0.000000 -0.000000 1.000000
0.000000 -0.000000 1.000000
-0.000000 1.000000 0.000000
1.000000 0.000000 0.000000
0.000000 0.000000 0.000000
0.110288 0.564647 0.324257
0.164487 0.563179 0.241716
0.000000 0.000000 0.000000
-0.000000 0.000000 1.000000
0.000000 1.000000 0.000000
0.000000 0.000000 0.000000
0.000000 0.000000 0.000000
1.000000 0.000000 0.000000
0.000000 0.000000 1.000000
0.000000 0.000000 0.000000
0.000000 0.000000 0.000000
-0.000000 0.000000 -0.000000
0.000000 -0.000000 1.000000
0.147181 0.045908 0.570138
0.000000 0.000000 1.000000
-0.000000 -0.000000 1.000000
0.126024 0.365635 0.001555
0.339871 0.164661 0.452400
0.000000 -0.000000 1.000000
0.000000 1.000000 0.000000
-0.000000 1.000000 0.000000
0.000000 0.000000 0.000000
1.000000 0.000000 0.000000
-0.000000 -0.000000 1.000000
0.000000 0.000000 0.000000
0.000000 0.000000 0.000000
0.000000 0.000000 0.000000
-0.000000 -0.000000 1.000000
0.000000 0.000000 -0.000000
-0.000000 -0.000000 1.000000
1.000000 0.000000 0.000000
0.000000 0.000000 0.000000
0.000000 0.000000 0.000000
1.000000 0.000000 0.000000
-0.000000 1.000000 0.000000
0.000000 -0.000000 1.000000
0.000000 0.000000 0.000000
-0.000000 0.000000 0.000000
-0.000000 0.000000 1.000000
0.000000 0.000000 0.000000
-0.000000 0.000000 0.000000
-0.000000 1.000000 0.000000
1.000000 0.000000 0.000000
-0.000000 -0.000000 0.000000
0.495458 0.334567 0.056046
0.000000 0.000000 0.000000
0.000000 0.000000 0.000000
0.000000 0.000000 0.000000
0.000000 0.000000 1.000000
0.000000 0.000000 0.000000
0.000000 -0.000000 1.000000
0.000000 0.000000 0.000000
0.000000 0.000000 0.000000
0.000000 0.000000 1.000000
-0.000000 0.000000 1.000000
0.000000 1.000000 0.000000
-0.000000 -0.000000 -0.000000
-0.000000 -0.000000 1.000000
0.000000 -0.000000 1.000000
0.000000 0.000000 0.000000
0.110291 0.124074 0.300868
0.293527 0.270805 0.336733
0.000000 0.000000 0.000000
0.440763 0.214784 0.059466
0.000000 0.000000 0.000000
1.000000 0.000000 0.000000
0.399349 0.471025 0.121368
-0.000000 0.000000 1.000000
0.000000 0.000000 -0.000000
0.000000 0.000000 0.000000
0.002155 0.368573 0.061603
0.725102 0.030238 0.238807
0.015654 0.551281 0.373552
0.000000 -0.000000 0.000000
0.000000 0.000000 0.000000
0.000000 0.000000 0.000000
0.000000 -0.000000 1.000000
0.000000 0.000000 0.000000
0.000000 0.000000 0.000000
-0.000000 -0.000000 0.000000
0.346125 0.122498 0.526554
0.271346 0.256208 0.081037
0.000000 0.000000 1.000000
0.000000 0.000000 0.000000
0.646064 0.032944 0.194784
0.638580 0.162288 0.140162
1.000000 0.000000 0.000000
0.000000 0.000000 0.000000
0.000000 0.000000 0.000000
0.000000 0.000000 0.000000
1.000000 0.000000 0.000000
0.000000 0.000000 -0.000000
0.000000 0.000000 1.000000
0.480236 0.071479 0.250338
0.117083 0.168385 0.364586
-0.000000 0.000000 -0.000000
0.187838 0.601281 0.029682
0.475393 0.038845 0.480617
0.000000 0.000000 0.000000
0.267407 0.016387 0.046273
0.488051 0.351309 0.048243
0.006679 0.238366 0.700729
1.000000 0.000000 0.000000
0.000000 0.000000 -0.000000
0.154300 0.757178 0.020233
0.168012 0.355322 0.447164
0.000000 0.000000 0.000000
0.000000 0.000000 0.000000
0.000000 0.000000 0.000000
0.000000 0.000000 0.000000
-0.000000 0.000000 1.000000
1.000000 0.000000 0.000000
0.000000 0.000000 0.000000
0.000000 0.000000 -0.000000
0.000000 0.000000 0.000000
0.009788 0.393918 0.481544
0.000000 0.000000 0.000000
0.000000 0.000000 -0.000000
-0.000000 0.000000 1.000000
0.323579 0.068011 0.572218
0.000000 0.000000 0.000000
0.000000 1.000000 0.000000
0.000000 0.000000 0.000000
0.000000 -0.000000 0.000000
0.000000 -0.000000 -0.000000
0.000000 0.000000 0.000000
0.000000 -0.000000 1.000000
0.686734 0.133768 0.147369
0.086877 0.623596 0.245610
0.000000 -0.000000 1.000000
0.000000 0.000000 1.000000
0.000000 0.000000 0.000000
0.000000 1.000000 0.000000
-0.000000 0.000000 1.000000
0.572855 0.387580 0.038021
0.000000 0.000000 0.000000
-0.000000 0.000000 1.000000
0.000000 0.000000 0.000000
0.000000 0.000000 0.000000
1.000000 0.000000 0.000000
0.000000 0.000000 0.000000
-0.000000 0.000000 1.000000
-0.000000 -0.000000 1.000000
1.000000 0.000000 0.000000
0.000000 -0.000000 1.000000
0.000000 0.000000 0.000000
0.000000 0.000000 0.000000
0.000000 0.000000 1.000000
-0.000000 -0.000000 -0.000000
0.000000 0.000000 0.000000
0.000000 0.000000 0.000000
0.332235 0.079385 0.580652
-0.000000 1.000000 0.000000
0.470722 0.014986 0.064581
0.000000 -0.000000 1.000000
0.000000 0.000000 0.000000
-0.000000 0.000000 1.000000
0.076177 0.599249 0.280290
1.000000 0.000000 0.000000
0.099270 0.318474 0.576835
-0.000000 0.000000 -0.000000
0.000000 0.000000 0.000000
1.000000 0.000000 0.000000
0.000000 0.000000 0.000000
-0.000000 -0.000000 1.000000
0.000000 0.000000 1.000000
0.000000 0.000000 0.000000
0.000000 0.000000 0.000000
0.000000 -0.000000 -0.000000
0.051046 0.514072 0.401247
0.000000 1.000000 0.000000
0.336591 0.009754 0.378771
0.000000 0.000000 1.000000
-0.000000 1.000000 0.000000
0.000000 0.000000 0.000000
-0.000000 -0.000000 0.000000
-0.000000 -0.000000 1.000000
0.000000 0.000000 0.000000
0.000000 0.000000 0.000000
-0.000000 0.000000 0.000000
-0.000000 1.000000 0.000000
-0.000000 -0.000000 1.000000
0.278994 0.360470 0.333210
0.645438 0.000630 0.331650
0.000000 0.000000 0.000000
0.000000 1.000000 0.000000
0.000000 -0.000000 1.000000
0.000000 -0.000000 1.000000
-0.000000 -0.000000 -0.000000
0.000000 0.000000 0.000000
0.359850 0.101382 0.298192
1.000000 0.000000 0.000000
0.000000 -0.000000 0.000000
0.000000 0.000000 0.000000
0.000000 -0.000000 1.000000
-0.000000 -0.000000 1.000000
0.000000 0.000000 0.000000
-0.000000 -0.000000 0.000000
-0.000000 0.000000 -0.000000
0.000000 0.000000 0.000000
0.000000 0.000000 0.000000
0.000000 0.000000 0.000000
0.000000 0.000000 -0.000000
-0.000000 0.000000 1.000000
0.037017 0.039315 0.758477
0.070319 0.242365 0.544777
1.000000 0.000000 0.000000
-0.000000 -0.000000 1.000000
0.000000 0.000000 0.000000
0.000000 0.000000 0.000000
0.000000 0.000000 0.000000
-0.000000 0.000000 1.000000
0.239336 0.180131 0.564541
0.000000 0.000000 0.000000
0.000000 -0.000000 -0.000000
0.000000 0.000000 1.000000
0.278979 0.079115 0.420906
-0.000000 -0.000000 1.000000
-0.000000 -0.000000 1.000000
1.000000 0.000000 0.000000
0.000000 0.000000 1.000000
0.000000 -0.000000 1.000000
0.000000 0.000000 0.000000
-0.000000 0.000000 -0.000000
0.000000 1.000000 0.000000
0.000000 0.000000 0.000000
-0.000000 -0.000000 0.000000
-0.000000 -0.000000 -0.000000
0.000000 0.000000 1.000000
-0.000000 -0.000000 1.000000
0.270755 0.282632 0.433845
0.000000 0.000000 0.000000
0.000000 0.000000 0.000000
0.000000 0.000000 0.000000
0.000000 0.000000 0.000000
1.000000 0.000000 0.000000
1.000000 0.000000 0.000000
0.000000 0.000000 0.000000
0.000000 -0.000000 1.000000
0.000000 0.000000 0.000000
0.000000 -0.000000 1.000000
0.000000 0.000000 0.000000
0.233736 0.016970 0.497868
-0.000000 -0.000000 1.000000
0.000000 0.000000 1.000000
0.000000 0.000000 0.000000
0.000000 0.000000 1.000000
0.374401 0.008692 0.466520
0.000000 -0.000000 0.000000
0.000000 0.000000 0.000000
0.000000 0.000000 0.000000
-0.000000 1.000000 0.000000
0.000000 0.000000 0.000000
0.000000 0.000000 0.000000
1.000000 0.000000 0.000000
0.000000 1.000000 0.000000
1.000000 0.000000 0.000000
0.000000 0.000000 0.000000
0.000000 0.000000 0.000000
0.000000 0.000000 0.000000
0.000000 0.000000 0.000000
0.387848 0.015729 0.593027
1.000000 0.000000 0.000000
0.008044 0.320467 0.606758
0.000000 0.000000 0.000000
-0.000000 -0.000000 -0.000000
0.000000 0.000000 1.000000
0.000000 -0.000000 1.000000
0.000000 -0.000000 1.000000
0.000000 1.000000 0.000000
0.000000 -0.000000 0.000000
0.000000 0.000000 0.000000
0.000000 0.000000 0.000000
0.000000 0.000000 0.000000
0.050724 0.387996 0.524318
0.382666 0.410969 0.205775
0.256282 0.174562 0.291870
0.000000 0.000000 0.000000
0.068921 0.042692 0.558583
-0.000000 -0.000000 1.000000
0.000000 0.000000 0.000000
0.177563 0.004275 0.350514
0.485953 0.033889 0.449973
0.004894 0.051277 0.361013
0.000000 0.000000 0.000000
-0.000000 1.000000 0.000000
0.000000 0.000000 -0.000000
0.000000 0.000000 0.000000
-0.000000 1.000000 0.000000
0.000000 0.000000 0.000000
0.177571 0.383088 0.004756
0.000000 0.000000 0.000000
0.000000 0.000000 0.000000
0.000000 0.000000 0.000000
0.000000 0.000000 1.000000
0.000000 0.000000 0.000000
0.127626 0.428125 0.435066
-0.000000 1.000000 0.000000
0.000000 0.000000 1.000000
-0.000000 0.000000 1.000000
-0.000000 -0.000000 1.000000
0.000000 -0.000000 1.000000
0.000000 -0.000000 1.000000
0.018695 0.128358 0.449776
0.000000 -0.000000 1.000000
0.000000 0.000000 1.000000
-0.000000 -0.000000 -0.000000
-0.000000 -0.000000 1.000000
0.000000 -0.000000 1.000000
1.000000 0.000000 0.000000
0.000000 0.000000 -0.000000
0.000000 0.000000 1.000000
0.000000 0.000000 0.000000
0.000000 0.000000 1.000000
0.622145 0.095092 0.255646
1.000000 0.000000 0.000000
0.074273 0.530136 0.355910
0.000000 0.000000 0.000000
0.000000 0.000000 -0.000000
0.000000 -0.000000 1.000000
-0.000000 0.000000 -0.000000
0.016899 0.057826 0.481937
0.000000 0.000000 0.000000
0.000000 0.000000 1.000000
1.000000 0.000000 0.000000
0.030402 0.006002 0.746930
0.401484 0.427924 0.152223
0.000000 0.000000 0.000000
0.000000 0.000000 0.000000
-0.000000 1.000000 0.000000
0.000000 0.000000 0.000000
0.000000 0.000000 0.000000
0.000000 0.000000 0.000000
-0.000000 -0.000000 0.000000
0.000000 0.000000 0.000000
0.000000 -0.000000 -0.000000
-0.000000 1.000000 0.000000
0.000000 0.000000 0.000000
1.000000 0.000000 0.000000
0.676546 0.132400 0.190356
0.000000 0.000000 1.000000
0.000000 0.000000 0.000000
0.000000 0.000000 0.000000
-0.000000 -0.000000 -0.000000
0.000000 -0.000000 1.000000
0.000000 0.000000 0.000000
0.000000 0.000000 0.000000
-0.000000 -0.000000 -0.000000
0.000000 0.000000 1.000000
0.000000 0.000000 0.000000
0.000000 1.000000 0.000000
0.000000 0.000000 1.000000
-0.000000 0.000000 0.000000
0.000000 0.000000 0.000000
0.000000 0.000000 0.000000
1.000000 0.000000 0.000000
0.483392 0.264010 0.223641
0.000000 0.000000 1.000000
0.000000 0.000000 0.000000
0.000000 0.000000 0.000000
0.000000 0.000000 0.000000
0.000000 0.000000 0.000000
0.000000 0.000000 0.000000
0.000000 0.000000 0.000000
0.000000 0.000000 0.000000
0.000000 0.000000 1.000000
0.000000 1.000000 0.000000
0.000000 0.000000 0.000000
0.000000 0.000000 0.000000
0.000000 0.000000 1.000000
0.000000 -0.000000 1.000000
0.024059 0.493224 0.475048
-0.000000 -0.000000 1.000000
0.317364 0.056544 0.606758
0.000000 0.000000 0.000000
-0.000000 0.000000 1.000000
0.000000 -0.000000 -0.000000
0.000000 0.000000 0.000000
0.000000 0.000000 0.000000
0.000000 0.000000 0.000000
0.000000 -0.000000 1.000000
0.202982 0.091311 0.018680
0.000000 0.000000 0.000000
0.000000 0.000000 0.000000
0.000000 0.000000 0.000000
1.000000 0.000000 0.000000
0.000000 -0.000000 0.000000
-0.000000 -0.000000 1.000000
0.000000 0.000000 0.000000
0.379684 0.481128 0.091174
0.000000 0.000000 0.000000
0.000000 0.000000 0.000000
-0.000000 0.000000 1.000000
0.000000 0.000000 0.000000
0.023623 0.451195 0.032921
0.498888 0.037722 0.426459
0.000000 0.000000 0.000000
0.000000 0.000000 0.000000
0.000000 -0.000000 -0.000000
0.000000 0.000000 0.000000
0.153718 0.400229 0.431077
0.000000 0.000000 1.000000
0.378771 0.551662 0.061196
0.000000 0.000000 0.000000
0.000000 0.000000 0.000000
0.000000 0.000000 0.000000
0.000000 -0.000000 -0.000000
0.000000 0.000000 0.000000
-0.000000 -0.000000 1.000000
0.000000 0.000000 1.000000
0.000000 0.000000 0.000000
0.000000 0.000000 0.000000
-0.000000 0.000000 0.000000
0.000000 0.000000 1.000000
-0.000000 0.000000 -0.000000
-0.000000 -0.000000 1.000000
0.000000 0.000000 1.000000
0.101650 0.370298 0.485708
0.133105 0.242939 0.602526
0.000000 0.000000 0.000000
0.000000 0.000000 0.000000
0.000000 0.000000 0.000000
0.000000 0.000000 0.000000
0.000000 0.000000 1.000000
0.000000 0.000000 0.000000
0.000000 0.000000 1.000000
0.398476 0.370095 0.143481
0.037280 0.121640 0.354529
0.013984 0.012393 0.714874
0.000000 0.000000 0.000000
0.000000 0.000000 0.000000
0.000000 0.000000 1.000000
0.000000 0.000000 0.000000
1.000000 0.000000 0.000000
0.000000 0.000000 0.000000
-0.000000 0.000000 1.000000
0.000000 1.000000 0.000000
0.461426 0.018833 0.074275
0.000000 0.000000 0.000000
0.188998 0.101341 0.645045
0.000000 0.000000 -0.000000
0.510292 0.013000 0.473521
0.000000 0.000000 0.000000
0.273043 0.593708 0.112204
0.000000 0.000000 0.000000
0.000000 0.000000 0.000000
0.000000 0.000000 0.000000
0.000000 0.000000 0.000000
0.000000 0.000000 0.000000
0.000000 0.000000 0.000000
0.000000 0.000000 0.000000
1.000000 0.000000 0.000000
0.000000 1.000000 0.000000
0.287476 0.643720 0.059736
0.000000 0.000000 0.000000
0.421626 0.307162 0.257443
0.000000 0.000000 0.000000
0.000000 0.000000 0.000000
0.000000 0.000000 0.000000
-0.000000 0.000000 1.000000
0.000000 0.000000 0.000000
0.000000 -0.000000 0.000000
0.000000 0.000000 0.000000
0.000000 1.000000 0.000000
0.000000 -0.000000 1.000000
-0.000000 -0.000000 1.000000
-0.000000 -0.000000 -0.000000
0.122472 0.569542 0.238511
0.079557 0.150007 0.425203
0.000000 0.000000 0.000000
0.000000 0.000000 0.000000
0.000000 0.000000 0.000000
-0.000000 1.000000 0.000000
0.000000 -0.000000 1.000000
0.407579 0.376516 0.060261
0.000000 0.000000 -0.000000
1.000000 0.000000 0.000000
-0.000000 0.000000 1.000000
0.000000 0.000000 -0.000000
0.000000 0.000000 0.000000
0.000000 0.000000 0.000000
0.000000 0.000000 0.000000
0.000000 -0.000000 1.000000
0.000000 0.000000 0.000000
0.338672 0.020457 0.589264
0.555827 0.000482 0.014349
0.000000 0.000000 0.000000
-0.000000 0.000000 -0.000000
0.075521 0.142085 0.267690
0.000000 1.000000 0.000000
0.210013 0.346300 0.427879
0.000000 0.000000 0.000000
0.000000 0.000000 0.000000
0.000000 0.000000 0.000000
0.197505 0.009958 0.440148
0.501264 0.468506 0.018252
0.000000 -0.000000 1.000000
-0.000000 -0.000000 1.000000
0.000000 0.000000 0.000000
0.475168 0.158231 0.317608
0.280384 0.055176 0.636564
0.000000 0.000000 0.000000
-0.000000 0.000000 1.000000
0.570726 0.011869 0.140470
0.000000 0.000000 0.000000
0.000000 1.000000 0.000000
0.000000 0.000000 0.000000
0.000000 0.000000 0.000000
0.000000 0.000000 0.000000
0.414009 0.292921 0.232471
0.100975 0.516875 0.232927
0.000000 0.000000 1.000000
0.540100 0.426453 0.027411
0.189510 0.245910 0.562368
0.000000 0.000000 0.000000
0.065311 0.004677 0.334045
0.000000 -0.000000 1.000000
0.000000 1.000000 0.000000
0.000000 0.000000 0.000000
0.000000 0.000000 0.000000
0.033308 0.536605 0.174213
-0.000000 0.000000 1.000000
0.010057 0.112181 0.078017
0.000000 0.000000 0.000000
1.000000 0.000000 0.000000
0.000000 0.000000 0.000000
0.000000 0.000000 0.000000
0.000000 0.000000 0.000000
-0.000000 0.000000 1.000000
0.000000 0.000000 0.000000
0.000000 0.000000 0.000000
-0.000000 1.000000 0.000000
0.000000 0.000000 0.000000
0.000000 0.000000 0.000000
-0.000000 -0.000000 1.000000
0.000000 0.000000 0.000000
0.000000 0.000000 1.000000
0.000000 0.000000 0.000000
0.276950 0.049337 0.378950
0.000000 0.000000 0.000000
0.446791 0.182345 0.355159
-0.000000 0.000000 1.000000
0.000000 0.000000 0.000000
0.073217 0.133470 0.788767
0.000000 0.000000 0.000000
0.000000 0.000000 0.000000
0.186411 0.002746 0.223997
0.000000 0.000000 0.000000
-0.000000 0.000000 1.000000
0.000000 0.000000 1.000000
-0.000000 -0.000000 1.000000
-0.000000 0.000000 -0.000000
0.000000 0.000000 0.000000
0.000000 0.000000 1.000000
0.000000 0.000000 0.000000
-0.000000 -0.000000 -0.000000
0.000000 0.000000 0.000000
0.000000 0.000000 0.000000
0.000000 0.000000 0.000000
0.000000 0.000000 0.000000
0.000000 0.000000 0.000000
-0.000000 1.000000 0.000000
0.341079 0.537843 0.068892
0.000000 0.000000 0.000000
-0.000000 -0.000000 -0.000000
0.005662 0.861673 0.131269
0.000000 1.000000 0.000000
0.514123 0.029022 0.069933
0.000000 0.000000 1.000000
0.000000 0.000000 0.000000
0.000000 0.000000 0.000000
-0.000000 0.000000 -0.000000
0.122882 0.019197 0.597294
0.340386 0.008271 0.355366
0.000000 0.000000 0.000000
0.000000 -0.000000 1.000000
0.000000 0.000000 0.000000
0.000000 0.000000 0.000000
0.252632 0.309228 0.433256
0.000000 0.000000 0.000000
0.000000 0.000000 0.000000
0.000000 0.000000 0.000000
0.193013 0.016830 0.225359
0.000000 0.000000 1.000000
-0.000000 0.000000 0.000000
0.000000 0.000000 0.000000
0.000000 0.000000 0.000000
0.417966 0.084393 0.209832
0.000000 0.000000 0.000000
-0.000000 0.000000 -0.000000
0.000000 0.000000 0.000000
0.000000 0.000000 0.000000
0.120293 0.615228 0.226352
0.324009 0.386669 0.053228
0.000000 0.000000 0.000000
0.000000 0.000000 1.000000
0.181548 0.350894 0.429741
0.000000 0.000000 -0.000000
-0.000000 0.000000 -0.000000
0.484734 0.363551 0.123340
0.000000 0.000000 0.000000
0.188497 0.376604 0.420123
-0.000000 1.000000 0.000000
0.000000 1.000000 0.000000
-0.000000 0.000000 -0.000000
0.120460 0.356735 0.501361
0.152185 0.255389 0.529101
-0.000000 1.000000 0.000000
0.389541 0.110575 0.194351
0.000000 0.000000 -0.000000
1.000000 0.000000 0.000000
0.230910 0.380483 0.333537
-0.000000 0.000000 1.000000
-0.000000 0.000000 0.000000
0.000000 0.000000 1.000000
0.000000 0.000000 0.000000
0.000000 0.000000 0.000000
-0.000000 -0.000000 1.000000
0.000000 0.000000 1.000000
0.446545 0.375220 0.160739
0.000000 0.000000 1.000000
0.246235 0.230330 0.515174
-0.000000 -0.000000 1.000000
-0.000000 -0.000000 1.000000
-0.000000 -0.000000 0.000000
0.433106 0.007655 0.091133
0.416379 0.563363 0.019200
-0.000000 -0.000000 1.000000
-0.000000 0.000000 0.000000
0.000000 0.000000 0.000000
0.000000 0.000000 0.000000
0.000000 0.000000 0.000000
0.557722 0.077740 0.364383
0.000000 0.000000 0.000000
0.000000 0.000000 0.000000
0.000000 0.000000 0.000000
-0.000000 -0.000000 0.000000
0.053058 0.060915 0.299655
0.000000 0.000000 0.000000
0.000000 0.000000 0.000000
0.289618 0.209468 0.058219
0.140143 0.004887 0.526117
0.188051 0.525301 0.275674
0.000000 0.000000 1.000000
0.000000 0.000000 0.000000
1.000000 0.000000 0.000000
0.000000 0.000000 0.000000
0.000000 0.000000 0.000000
0.000000 0.000000 0.000000
0.156537 0.003049 0.031516
-0.000000 -0.000000 1.000000
0.000000 0.000000 0.000000
0.297389 0.014220 0.483837
0.000000 0.000000 0.000000
0.000000 0.000000 0.000000
0.000000 0.000000 0.000000
0.000000 0.000000 0.000000
0.000000 0.000000 0.000000
-0.000000 0.000000 -0.000000
0.170517 0.608527 0.047494
0.571386 0.214309 0.207820
0.000000 -0.000000 1.000000
0.000000 -0.000000 1.000000
0.000000 0.000000 0.000000
0.000000 0.000000 0.000000
0.000000 0.000000 1.000000
0.000000 0.000000 0.000000
0.000000 0.000000 0.000000
0.274964 0.029376 0.659735
-0.000000 0.000000 -0.000000
0.011215 0.314186 0.149333
0.416703 0.024671 0.543902
0.000000 0.000000 0.000000
-0.000000 -0.000000 1.000000
0.081458 0.501142 0.389071
-0.000000 0.000000 -0.000000
0.567956 0.067192 0.212982
-0.000000 -0.000000 1.000000
0.000000 0.000000 0.000000
0.000000 0.000000 0.000000
-0.000000 0.000000 1.000000
-0.000000 -0.000000 1.000000
0.000000 -0.000000 1.000000
0.000000 0.000000 0.000000
0.000000 0.000000 0.000000
0.000000 0.000000 0.000000
0.000000 0.000000 0.000000
0.000000 0.000000 0.000000
0.000000 0.000000 0.000000
0.000000 -0.000000 -0.000000
0.000000 0.000000 0.000000
0.117301 0.151479 0.728707
1.000000 0.000000 0.000000
0.250680 0.535343 0.205996
0.037344 0.224822 0.732727
-0.000000 -0.000000 1.000000
0.000000 0.000000 0.000000
0.069877 0.008173 0.450094
0.000000 0.000000 0.000000
0.105691 0.440421 0.451718
0.000000 0.000000 0.000000
0.000000 0.000000 0.000000
1.000000 0.000000 0.000000
0.038599 0.659046 0.010498
0.100368 0.357552 0.488970
0.636920 0.000748 0.278071
0.367554 0.612800 0.004299
-0.000000 -0.000000 1.000000
0.145162 0.099014 0.510395
-0.000000 0.000000 1.000000
0.000000 0.000000 0.000000
0.000000 0.000000 0.000000
-0.000000 -0.000000 -0.000000
0.000000 0.000000 0.000000
1.000000 0.000000 0.000000
0.000000 0.000000 0.000000
0.000000 0.000000 0.000000
0.000000 0.000000 0.000000
0.099524 0.706543 0.119481
0.000000 0.000000 0.000000
0.000000 0.000000 0.000000
0.000000 0.000000 0.000000
-0.000000 -0.000000 1.000000
0.000000 0.000000 1.000000
0.000000 1.000000 0.000000
0.000000 0.000000 0.000000
0.000000 0.000000 0.000000
0.000000 0.000000 0.000000
0.000000 0.000000 0.000000
0.000000 0.000000 0.000000
0.000000 0.000000 0.000000
0.000000 0.000000 0.000000
0.000000 -0.000000 -0.000000
0.000000 -0.000000 1.000000
0.000000 1.000000 0.000000
0.172559 0.471156 0.347383
0.709178 0.222598 0.044901
0.000000 0.000000 0.000000
0.000000 0.000000 0.000000
0.000000 0.000000 0.000000
0.000000 0.000000 0.000000
0.000674 0.656239 0.296194
0.397455 0.186392 0.405597
0.000000 0.000000 0.000000
-0.000000 1.000000 0.000000
0.000000 0.000000 -0.000000
0.441320 0.372902 0.169588
0.000000 0.000000 1.000000
0.075521 0.551825 0.204599
0.000000 0.000000 0.000000
-0.000000 -0.000000 -0.000000
0.000000 0.000000 0.000000
0.000000 0.000000 0.000000
0.000000 0.000000 0.000000
0.000000 0.000000 0.000000
0.000000 0.000000 0.000000
0.000000 0.000000 0.000000
0.046684 0.316526 0.628888
0.590410 0.045238 0.172885
0.000000 0.000000 0.000000
0.000000 0.000000 0.000000
-0.000000 -0.000000 1.000000
0.340696 0.611507 0.013555
1.000000 0.000000 0.000000
0.000000 -0.000000 1.000000
-0.000000 -0.000000 1.000000
0.000000 0.000000 0.000000
0.000000 -0.000000 1.000000
0.000000 0.000000 0.000000
0.339334 0.234497 0.293087
0.000000 0.000000 0.000000
0.000000 0.000000 0.000000
0.000000 0.000000 0.000000
0.248768 0.136779 0.593650
0.171556 0.008858 0.357602
0.000000 0.000000 0.000000
1.000000 0.000000 0.000000
0.000000 0.000000 0.000000
0.000000 0.000000 0.000000
0.008289 0.469105 0.134857
0.000000 0.000000 0.000000
0.830208 0.013932 0.112660
0.323904 0.389120 0.251788
0.282309 0.013892 0.194184
-0.000000 0.000000 1.000000
-0.000000 0.000000 1.000000
0.055639 0.515942 0.009433
0.000000 0.000000 0.000000
1.000000 0.000000 0.000000
-0.000000 -0.000000 -0.000000
0.000000 0.000000 0.000000
0.000000 0.000000 0.000000
0.000000 0.000000 0.000000
0.107463 0.469577 0.375072
0.000000 0.000000 0.000000
0.104001 0.565022 0.062814
0.000000 0.000000 0.000000
0.000000 0.000000 0.000000
0.391171 0.009544 0.022808
0.000000 0.000000 0.000000
-0.000000 0.000000 1.000000
0.135289 0.119566 0.717298
0.090702 0.571914 0.322764
0.000000 0.000000 0.000000
0.000000 0.000000 0.000000
0.000000 0.000000 0.000000
0.046157 0.002832 0.704021
0.000000 0.000000 0.000000
0.001613 0.565804 0.385842
0.000000 0.000000 0.000000
-0.000000 0.000000 0.000000
0.000000 0.000000 0.000000
-0.000000 -0.000000 1.000000
0.000000 0.000000 1.000000
0.000000 0.000000 0.000000
0.000000 0.000000 0.000000
0.367203 0.519941 0.073789
0.000000 0.000000 1.000000
0.000000 0.000000 0.000000
-0.000000 0.000000 1.000000
0.224461 0.024324 0.653519
0.000000 -0.000000 1.000000
0.000000 -0.000000 -0.000000
0.000000 -0.000000 -0.000000
0.000000 0.000000 0.000000
0.000000 0.000000 0.000000
0.555050 0.410942 0.029894
0.000000 -0.000000 -0.000000
-0.000000 -0.000000 1.000000
0.557377 0.014419 0.362516
0.000000 0.000000 0.000000
0.361601 0.069862 0.552582
0.000000 0.000000 0.000000
0.000000 0.000000 0.000000
0.000000 -0.000000 1.000000
0.000000 0.000000 0.000000
0.000000 0.000000 0.000000
0.000000 0.000000 0.000000
0.525171 0.083199 0.070874
0.000000 -0.000000 1.000000
0.000000 0.000000 0.000000
0.000000 0.000000 0.000000
0.000000 -0.000000 -0.000000
-0.000000 0.000000 1.000000
0.012880 0.734069 0.230750
0.000000 0.000000 0.000000
0.000000 0.000000 0.000000
0.000000 0.000000 0.000000
-0.000000 -0.000000 1.000000
0.530992 0.160534 0.023502
0.507728 0.419791 0.057911
1.000000 0.000000 0.000000
0.000000 0.000000 0.000000
0.019919 0.537324 0.226219
0.211762 0.509748 0.272995
0.000000 0.000000 0.000000
0.000000 0.000000 0.000000
0.000000 0.000000 0.000000
0.215004 0.467503 0.307352
-0.000000 -0.000000 1.000000
0.113613 0.061660 0.636488
-0.000000 -0.000000 -0.000000
0.620669 0.159010 0.187660
1.000000 0.000000 0.000000
0.000000 0.000000 0.000000
0.557497 0.008004 0.233055
-0.000000 0.000000 -0.000000
0.261365 0.698396 0.018557
0.000000 0.000000 0.000000
0.000000 0.000000 0.000000
-0.000000 0.000000 1.000000
0.000000 0.000000 0.000000
0.000000 0.000000 0.000000
0.000000 0.000000 0.000000
-0.000000 1.000000 0.000000
0.000000 0.000000 0.000000
0.324339 0.017300 0.189383
0.745260 0.026825 0.057599
0.000000 0.000000 0.000000
-0.000000 0.000000 -0.000000
0.332764 0.118821 0.512947
0.000000 0.000000 0.000000
0.318530 0.162341 0.116681
0.000000 0.000000 0.000000
-0.000000 -0.000000 0.000000
-0.000000 0.000000 1.000000
0.000000 0.000000 0.000000
-0.000000 -0.000000 1.000000
0.000000 0.000000 0.000000
0.000000 0.000000 0.000000
0.000000 -0.000000 -0.000000
0.000000 0.000000 0.000000
-0.000000 1.000000 0.000000
0.378623 0.178575 0.275815
0.000000 0.000000 0.000000
0.115455 0.610961 0.201440
0.340198 0.265145 0.372198
0.000000 0.000000 0.000000
-0.000000 1.000000 0.000000
0.165465 0.079856 0.692011
0.000000 1.000000 0.000000
0.000000 0.000000 1.000000
-0.000000 -0.000000 -0.000000
0.422438 0.421856 0.092811
0.000000 0.000000 0.000000
0.000000 0.000000 0.000000
0.000000 0.000000 0.000000
0.000000 0.000000 0.000000
0.000000 0.000000 0.000000
-0.000000 1.000000 0.000000
0.510151 0.197774 0.233536
0.000000 0.000000 0.000000
0.000000 0.000000 0.000000
-0.000000 -0.000000 1.000000
-0.000000 0.000000 1.000000
0.277298 0.110065 0.569266
0.209479 0.473775 0.299102
0.000000 0.000000 0.000000
0.000000 0.000000 0.000000
0.000000 1.000000 0.000000
0.096793 0.596335 0.270211
0.394396 0.452051 0.146648
0.094116 0.427081 0.424872
0.409515 0.059971 0.301820
0.115950 0.138916 0.644448
-0.000000 -0.000000 0.000000
0.000000 0.000000 0.000000
0.000000 0.000000 0.000000
-0.000000 -0.000000 1.000000
0.000000 0.000000 0.000000
0.699715 0.013159 0.121534
0.005263 0.509799 0.472170
0.000000 0.000000 1.000000
0.000000 0.000000 0.000000
0.503576 0.020291 0.214024
0.000000 0.000000 0.000000
0.000000 0.000000 0.000000
0.122678 0.212731 0.402200
-0.000000 1.000000 0.000000
0.000000 -0.000000 -0.000000
0.000000 0.000000 1.000000
0.133706 0.559156 0.297313
-0.000000 0.000000 -0.000000
0.000000 0.000000 0.000000
0.000000 0.000000 0.000000
0.000000 0.000000 0.000000
-0.000000 1.000000 0.000000
-0.000000 0.000000 -0.000000
0.000000 0.000000 0.000000
0.558963 0.121744 0.289393
-0.000000 -0.000000 1.000000
0.000000 0.000000 0.000000
0.000000 0.000000 1.000000
0.000000 0.000000 0.000000
0.136524 0.038910 0.555453
0.000000 0.000000 0.000000
0.000000 0.000000 0.000000
0.188754 0.119828 0.489010
0.000000 0.000000 0.000000
0.000000 0.000000 0.000000
0.000000 0.000000 0.000000
0.000000 0.000000 0.000000
0.000000 0.000000 0.000000
0.000000 0.000000 0.000000
0.000000 0.000000 0.000000
0.000981 0.148752 0.324702
-0.000000 0.000000 1.000000
0.735558 0.087840 0.135786
0.000000 0.000000 0.000000
0.272318 0.004116 0.526531
0.053430 0.015088 0.651102
0.000000 0.000000 0.000000
0.119181 0.142203 0.700729
0.541052 0.205265 0.237793
0.000000 0.000000 1.000000
0.000000 0.000000 0.000000
0.000000 0.000000 0.000000
0.000000 0.000000 0.000000
0.000000 0.000000 0.000000
0.234260 0.610675 0.023402
0.000000 0.000000 0.000000
0.000000 1.000000 0.000000
0.000000 0.000000 0.000000
0.000000 0.000000 0.000000
0.000000 0.000000 0.000000
0.286095 0.263658 0.412096
0.306161 0.527068 0.104696
-0.000000 -0.000000 -0.000000
0.458892 0.177648 0.250879
-0.000000 0.000000 1.000000
0.369021 0.044875 0.290404
0.000000 0.000000 0.000000
0.000000 0.000000 0.000000
0.196649 0.038170 0.557284
0.193340 0.021116 0.147466
0.000000 0.000000 0.000000
0.000000 0.000000 1.000000
0.315421 0.249665 0.388585
0.013227 0.457040 0.383420
0.000000 0.000000 0.000000
0.561002 0.242618 0.089829
0.000000 0.000000 0.000000
-0.000000 0.000000 1.000000
0.000000 0.000000 0.000000
0.000000 0.000000 0.000000
0.020543 0.486107 0.484851
0.000000 0.000000 -0.000000
0.000000 0.000000 0.000000
0.000000 0.000000 0.000000
0.000000 0.000000 0.000000
-0.000000 0.000000 -0.000000
0.106108 0.301294 0.551457
0.000000 0.000000 0.000000
0.000000 0.000000 0.000000
0.538641 0.004558 0.107558
0.647513 0.013299 0.038700
-0.000000 0.000000 1.000000
0.000000 0.000000 0.000000
0.000000 0.000000 0.000000
0.000000 -0.000000 1.000000
0.031807 0.284454 0.129768
0.000000 0.000000 -0.000000
0.316522 0.577385 0.041366
0.000000 0.000000 0.000000
0.570853 0.268364 0.112868
0.000000 0.000000 0.000000
-0.000000 -0.000000 0.000000
0.041529 0.044351 0.690209
0.000000 0.000000 0.000000
0.000000 0.000000 0.000000
0.000000 0.000000 0.000000
0.000000 0.000000 0.000000
0.259272 0.553062 0.098239
0.018572 0.191452 0.772965
0.000000 0.000000 0.000000
-0.000000 0.000000 0.000000
0.380035 0.113988 0.106811
0.000000 0.000000 0.000000
0.000000 -0.000000 1.000000
0.000000 0.000000 0.000000
0.000000 0.000000 0.000000
0.000000 0.000000 0.000000
0.000000 0.000000 0.000000
0.000000 0.000000 0.000000
0.000000 0.000000 0.000000
0.001341 0.502265 0.045716
0.000000 0.000000 0.000000
-0.000000 -0.000000 0.000000
1.000000 0.000000 0.000000
0.000000 0.000000 0.000000
0.000000 -0.000000 1.000000
0.096833 0.069003 0.791332
0.000000 0.000000 0.000000
0.000000 -0.000000 0.000000
0.000000 0.000000 0.000000
0.000000 0.000000 0.000000
0.000000 0.000000 0.000000
0.000000 0.000000 0.000000
0.000000 -0.000000 0.000000
0.000000 0.000000 0.000000
0.000000 0.000000 0.000000
0.000000 0.000000 0.000000
0.000000 1.000000 0.000000
0.000000 0.000000 0.000000
0.000000 0.000000 0.000000
0.022593 0.348460 0.205035
0.000000 0.000000 0.000000
0.455826 0.375156 0.126045
0.000000 0.000000 0.000000
0.000000 0.000000 0.000000
0.416914 0.434716 0.142869
-0.000000 -0.000000 -0.000000
0.261196 0.389467 0.340050
0.025205 0.413892 0.489541
0.428945 0.002535 0.554608
0.000000 0.000000 0.000000
0.000000 0.000000 0.000000
0.000000 0.000000 0.000000
0.245216 0.223262 0.515601
0.000000 -0.000000 1.000000
0.573094 0.303512 0.081876
0.420061 0.035214 0.541373
0.393228 0.419914 0.151166
0.000000 0.000000 0.000000
0.000000 0.000000 0.000000
0.000000 0.000000 0.000000
0.000000 0.000000 0.000000
0.000000 -0.000000 -0.000000
0.322541 0.266855 0.355719
0.377622 0.544578 0.048698
1.000000 0.000000 0.000000
0.813514 0.007408 0.073389
-0.000000 0.000000 -0.000000
0.000000 0.000000 0.000000
-0.000000 -0.000000 1.000000
0.217186 0.663911 0.085471
0.000000 0.000000 0.000000
0.000000 0.000000 0.000000
0.000000 0.000000 0.000000
0.000000 0.000000 0.000000
-0.000000 -0.000000 1.000000
0.000000 0.000000 1.000000
0.000000 1.000000 0.000000
0.000000 0.000000 0.000000
-0.000000 -0.000000 1.000000
0.000000 0.000000 1.000000
-0.000000 -0.000000 -0.000000
0.490810 0.404166 0.033519
0.000000 0.000000 0.000000
0.000000 0.000000 0.000000
0.000000 -0.000000 1.000000
1.000000 0.000000 0.000000
0.000000 0.000000 0.000000
0.000000 0.000000 0.000000
0.000000 0.000000 0.000000
0.232653 0.055109 0.429885
0.505138 0.359355 0.071266
0.000000 0.000000 0.000000
0.376482 0.497078 0.118236
0.000000 0.000000 0.000000
0.000000 0.000000 0.000000
0.308064 0.282346 0.001532
0.002289 0.893656 0.038092
0.480288 0.019430 0.329461
0.099038 0.407923 0.477638
0.895240 0.054863 0.018948
0.291248 0.593180 0.032162
0.145683 0.444648 0.316988
0.056142 0.430565 0.014853
0.215653 0.601274 0.029735
0.138126 0.397610 0.055369
0.027807 0.456565 0.056381
0.390837 0.449686 0.103584
0.246040 0.093315 0.530322
0.030445 0.046289 0.424320
0.242897 0.455660 0.207050
0.367762 0.315183 0.059158
0.116628 0.404943 0.272169
0.278867 0.155629 0.245159
0.063846 0.424080 0.018283
0.184101 0.271368 0.098182
0.353981 0.032043 0.302053
0.483007 0.105227 0.004524
0.649879 0.054972 0.158016
0.181931 0.079794 0.707281
0.033359 0.279150 0.266089
0.447890 0.194174 0.029013
0.164919 0.101799 0.165319
0.548210 0.397253 0.010734
0.507684 0.180834 0.197344
0.419600 0.117319 0.031301
0.235833 0.479083 0.024081
0.139795 0.675486 0.082902
0.246200 0.001444 0.281680
0.696689 0.023126 0.122027
0.062836 0.212954 0.072762
0.112904 0.375241 0.424548
0.346519 0.191561 0.308013
0.087674 0.481682 0.158529
0.049586 0.769767 0.122550
0.247647 0.307915 0.411664
0.507225 0.098314 0.344277
0.233112 0.238877 0.513261
0.042857 0.167562 0.739890
0.193530 0.547998 0.167665
0.192307 0.168851 0.286068
0.261889 0.596071 0.073869
0.189879 0.305988 0.347273
0.068447 0.861633 0.063153
0.155253 0.236944 0.591630
0.529372 0.391785 0.037315
0.261361 0.003862 0.081709
0.065335 0.098395 0.211198
0.785497 0.083793 0.039141
0.205780 0.226642 0.330659
0.000622 0.134973 0.304174
0.218494 0.294735 0.191695
0.147439 0.075861 0.278985
0.306484 0.364937 0.016562
0.102021 0.166381 0.262080
0.295676 0.183832 0.228985
0.259392 0.493882 0.021059
0.133614 0.050367 0.087714
0.037447 0.008154 0.951040
0.290100 0.246449 0.263945
0.451429 0.252249 0.089432
0.325277 0.047161 0.180887
0.108333 0.365886 0.103947
0.140078 0.013395 0.529883
0.149123 0.042201 0.310181
0.114720 0.583866 0.063907
0.695206 0.022394 0.168002
0.371520 0.071951 0.075104
0.098466 0.574611 0.206460
0.396802 0.227474 0.351948
0.213766 0.417659 0.086692
0.222562 0.121150 0.613482
0.035757 0.542211 0.112545
0.012365 0.536278 0.313241
0.428735 0.019547 0.269975
0.086592 0.665888 0.154850
0.053116 0.226132 0.059030
0.333784 0.000888 0.527975
0.276069 0.172054 0.489130
0.025964 0.250253 0.450976
0.358275 0.400666 0.037545
0.324029 0.146292 0.225134
0.099674 0.367550 0.380157
0.180328 0.251126 0.036637
0.073653 0.838311 0.028686
0.361368 0.180016 0.256343
0.151309 0.498278 0.273832
0.511099 0.070671 0.046520
0.482063 0.369901 0.139352
0.129771 0.167904 0.547138
0.095958 0.233966 0.479534
0.421973 0.161449 0.160056
0.048721 0.788980 0.072320
0.493795 0.033302 0.195385
0.159097 0.206798 0.034907
0.388995 0.010962 0.269274
0.165952 0.225207 0.252567
0.305268 0.443224 0.236821
0.085248 0.224453 0.129974
0.391519 0.156865 0.245056
0.028567 0.010785 0.143614
0.118885 0.339921 0.265013
0.136207 0.706214 0.060270
0.143262 0.184123 0.103332
0.048891 0.364118 0.418609
0.668813 0.003335 0.292728
0.544973 0.053879 0.227815
0.408718 0.519289 0.070352
0.450835 0.313154 0.075174
0.129565 0.369281 0.465259
0.257445 0.674370 0.051742
0.431178 0.092503 0.455015
0.487225 0.106776 0.031283
0.380403 0.341592 0.160399
0.026369 0.094817 0.170614
0.189127 0.022892 0.730630
0.229871 0.066494 0.623731
0.300801 0.266191 0.022851
0.280319 0.544580 0.092011
0.058121 0.357908 0.322552
0.163659 0.051160 0.029576
0.308441 0.233316 0.236954
0.020534 0.006688 0.941521
0.012327 0.007641 0.061366
0.036849 0.536585 0.162587
0.276205 0.100578 0.050376
0.137941 0.400583 0.227554
0.038745 0.412996 0.049754
0.002916 0.373913 0.099347
0.236893 0.356178 0.199229
0.056165 0.433876 0.036767
0.040317 0.564720 0.146212
0.133258 0.547505 0.000816
0.094029 0.083487 0.257829
0.180905 0.527245 0.222144
0.210322 0.669649 0.080566
0.144479 0.469778 0.198265
0.064576 0.177006 0.096016
0.101458 0.705025 0.156774
0.181018 0.065659 0.681335
0.014118 0.008721 0.335099
0.505109 0.137681 0.172685
0.041367 0.339578 0.056601
0.057602 0.283543 0.007068
0.207169 0.099902 0.159279
0.191684 0.370825 0.153833
0.019008 0.314863 0.146872
0.328075 0.031122 0.050043
0.162963 0.279280 0.093509
0.066823 0.543590 0.328238
0.078487 0.411836 0.285640
0.385489 0.413632 0.131516
0.462609 0.370973 0.079648
0.076446 0.263714 0.256940
0.048048 0.206722 0.696509
0.071799 0.340873 0.149802
0.281999 0.183957 0.060059
0.170636 0.184630 0.387469
0.290727 0.152423 0.385586
0.005647 0.593830 0.398890
0.076835 0.162363 0.161935
0.016100 0.031580 0.553701
0.050330 0.219449 0.661904
0.274033 0.050246 0.034980
0.631265 0.054193 0.108921
0.049613 0.107526 0.226328
0.061907 0.384070 0.057805
0.646030 0.095506 0.194136
0.156096 0.345974 0.479362
0.095335 0.054662 0.114460
0.331524 0.258144 0.278973
0.056219 0.817933 0.066231
0.150168 0.287911 0.150914
0.547759 0.121922 0.278576
0.307113 0.156574 0.116621
0.135604 0.326041 0.036206
0.334532 0.181648 0.293897
0.378462 0.453771 0.156946
0.470616 0.387824 0.070290
0.167083 0.415999 0.190966
0.577448 0.111880 0.082172
0.148128 0.016704 0.494610
0.242196 0.040106 0.336974
0.527308 0.212594 0.063592
0.086700 0.476044 0.037380
0.163765 0.354012 0.117434
0.112140 0.572279 0.127071
0.265913 0.132760 0.068049
0.154859 0.014836 0.025302
0.108053 0.019735 0.651072
0.413126 0.122370 0.198227
0.324835 0.362388 0.203304
0.147255 0.020951 0.057393
0.001259 0.182647 0.019834
0.129045 0.258686 0.342954
0.040060 0.859306 0.045580
0.849036 0.016637 0.112899
0.483534 0.322133 0.065510
0.327925 0.032755 0.238229
0.133249 0.407667 0.400793
0.207899 0.595364 0.103309
0.100365 0.485167 0.168684
0.380494 0.284205 0.047657
0.149878 0.612993 0.185193
0.092344 0.185142 0.073342
0.150650 0.351108 0.354896
0.162532 0.433248 0.327764
0.225233 0.086377 0.100806
0.039944 0.073141 0.075339
0.130302 0.215712 0.063232
0.333593 0.339676 0.214953
0.065288 0.553421 0.107681
0.101691 0.228184 0.334197
0.105991 0.173243 0.100757
0.074310 0.614044 0.290168
0.025608 0.614883 0.072416
0.137173 0.407731 0.301385
0.181686 0.273001 0.420559
0.515177 0.180994 0.052179
0.094550 0.617919 0.047801
0.120580 0.227490 0.271701
0.214518 0.052483 0.065449
0.358157 0.207471 0.019761
0.083602 0.304641 0.162496
0.422738 0.046818 0.490114
0.310135 0.036391 0.161803
0.246941 0.551732 0.041647
0.159951 0.012805 0.035982
0.475019 0.233273 0.248158
0.049184 0.132401 0.304335
0.076778 0.242820 0.444170
0.312751 0.308795 0.166459
0.400868 0.287015 0.076061
0.315260 0.102629 0.265403
0.043349 0.007540 0.711859
0.299100 0.424573 0.068683
0.444919 0.196145 0.245786
0.242330 0.048021 0.608010
0.052768 0.031371 0.859285
0.243813 0.157448 0.412259
0.011554 0.160451 0.004817
0.101509 0.368218 0.119757
0.009283 0.595549 0.260500
0.449805 0.270382 0.196849
0.004497 0.240901 0.557412
0.409307 0.218048 0.083142
0.031232 0.194459 0.450105
0.299940 0.033650 0.139412
0.247240 0.354095 0.227771
0.310458 0.262466 0.419540
0.301183 0.130097 0.094654
0.171505 0.075475 0.134437
0.240174 0.269523 0.063270
0.316776 0.062682 0.159545
0.323520 0.452457 0.160380
0.177983 0.355386 0.394318
0.113563 0.479172 0.068512
0.586553 0.007481 0.150566
0.421312 0.367451 0.156392
0.474571 0.359965 0.005510
0.268928 0.152396 0.041814
0.094558 0.265127 0.144277
0.100436 0.151162 0.285142
0.203679 0.163756 0.192430
0.053624 0.477330 0.369989
0.486163 0.168664 0.157521
0.046304 0.353092 0.244287
0.021579 0.689051 0.246254
0.241467 0.109253 0.188012
0.050770 0.440575 0.238719
0.260906 0.080539 0.382787
0.300577 0.210524 0.183434
0.486586 0.011013 0.033206
0.308056 0.581350 0.064679
0.073821 0.001513 0.381764
0.397497 0.046410 0.010766
0.266051 0.256527 0.460995
0.019782 0.696119 0.166045
0.059445 0.449182 0.186768
0.576322 0.113347 0.260986
0.076397 0.064528 0.593859
0.059368 0.223535 0.157437
0.298994 0.209330 0.350059
0.152572 0.048245 0.430755
0.137340 0.254182 0.466027
0.237519 0.144733 0.135081
0.068196 0.201754 0.207957
0.014699 0.214064 0.532101
0.234838 0.480240 0.266615
0.039317 0.156175 0.548783
0.093902 0.190414 0.058829
0.000638 0.428410 0.406528
0.186149 0.302974 0.358365
0.282134 0.259008 0.195345
0.605130 0.020204 0.374004
0.396562 0.282359 0.044867
0.363540 0.298354 0.286172
0.034785 0.166078 0.182678
0.318679 0.413827 0.113961
0.425360 0.128044 0.167957
0.118127 0.262173 0.219831
0.274265 0.051364 0.484713
0.051938 0.413054 0.491541
0.533733 0.167239 0.039402
0.167749 0.435109 0.034710
0.048576 0.191480 0.670090
0.068332 0.706267 0.013641
0.195290 0.060360 0.384843
0.349753 0.031810 0.067681
0.443446 0.197099 0.211710
0.008953 0.055093 0.450254
0.227675 0.441990 0.199651
0.075189 0.299298 0.501827
0.207808 0.610913 0.051691
0.003853 0.184656 0.056371
0.102986 0.082687 0.214599
0.386790 0.095667 0.243264
0.365325 0.331461 0.074255
0.293725 0.171330 0.049750
0.489709 0.027033 0.018438
0.424241 0.154002 0.210955
0.427844 0.229047 0.039142
0.143996 0.200236 0.626293
0.218010 0.119887 0.393313
0.051188 0.131569 0.475759
0.297768 0.375263 0.300603
0.100449 0.085509 0.541177
0.487706 0.183800 0.132420
0.320998 0.066027 0.186457
0.331916 0.088506 0.578067
0.166877 0.436877 0.208389
0.057055 0.530050 0.214830
0.092249 0.745095 0.039609
0.299170 0.016793 0.015234
0.014763 0.236366 0.628882
0.452206 0.406554 0.110889
0.322416 0.005164 0.442956
0.048902 0.526466 0.047737
0.075455 0.576916 0.270462
0.386983 0.297724 0.285761
0.228476 0.418164 0.329027
0.057371 0.151345 0.056843
0.287249 0.137067 0.468291
0.049763 0.137129 0.469839
0.448906 0.384796 0.111874
0.274502 0.187403 0.437972
0.390603 0.147431 0.326066
0.143012 0.691229 0.081189
0.050987 0.296642 0.201288
0.554901 0.193573 0.167770
0.389489 0.207230 0.381657
0.219976 0.463912 0.257537
0.111817 0.043360 0.106907
0.014413 0.021104 0.311983
0.357815 0.394169 0.069994
0.470795 0.013798 0.280460
0.027663 0.809217 0.027881
0.062006 0.054745 0.232543
0.006611 0.069622 0.904875
0.097145 0.150725 0.038672
0.049729 0.037788 0.017686
0.076662 0.127059 0.082765
0.333768 0.081688 0.521808
0.346732 0.022640 0.270624
0.206527 0.074809 0.070432
0.218559 0.236305 0.373755
0.182649 0.176325 0.175158
0.121585 0.027104 0.351794
0.050332 0.210285 0.131048
0.217943 0.163449 0.207151
0.586925 0.026756 0.118145
0.206851 0.505963 0.134187
0.206344 0.313997 0.457045
0.113615 0.304002 0.149955
0.212913 0.218525 0.427709
0.190844 0.517017 0.272650
0.174537 0.382184 0.369341
0.427550 0.022787 0.315067
0.219313 0.088256 0.521892
0.335407 0.067610 0.080037
0.025820 0.152931 0.032551
0.233330 0.120296 0.266766
0.250075 0.225181 0.281987
0.131439 0.168776 0.527931
0.379226 0.038137 0.013748
0.053847 0.304505 0.510946
0.344599 0.619414 0.008112
0.140486 0.494935 0.122517
0.079842 0.250695 0.302463
0.340451 0.336984 0.257477
0.332669 0.143697 0.138431
0.089181 0.603870 0.290898
0.072950 0.377072 0.495145
0.133823 0.228007 0.472345
0.255794 0.066418 0.135937
0.005800 0.763338 0.212758
0.249393 0.491675 0.100807
0.230912 0.548274 0.135674
0.212490 0.041806 0.180805
0.164641 0.100894 0.503662
0.038897 0.553954 0.271719
0.067546 0.516651 0.267400
0.459785 0.355114 0.036370
0.012999 0.045482 0.012999
0.528488 0.069986 0.120219
0.825151 0.118215 0.050407
0.106749 0.249561 0.476458
0.249408 0.203152 0.539113
0.061701 0.801419 0.119364
0.218805 0.107964 0.469708
0.217827 0.314344 0.399100
0.400036 0.453624 0.096920
0.626984 0.148969 0.024265
0.535902 0.169492 0.275281
0.278783 0.396634 0.172888
0.045405 0.287869 0.008577
0.186336 0.180534 0.349981
0.092819 0.051973 0.587311
0.019801 0.529154 0.413942
0.377261 0.440642 0.042438
0.055743 0.048788 0.656043
0.234230 0.369126 0.117034
0.043068 0.503504 0.217057
0.322697 0.403771 0.034648
0.398308 0.232757 0.221216
0.247135 0.266757 0.448752
0.050842 0.679937 0.130277
0.033191 0.098652 0.204006
0.251053 0.201785 0.231943
0.074682 0.070795 0.407237
0.335888 0.009882 0.471962
0.083025 0.394338 0.258565
0.124891 0.175385 0.299695
0.441665 0.461205 0.058685
0.058791 0.390693 0.241831
0.061794 0.363828 0.505612
0.308582 0.367917 0.131711
0.014022 0.016821 0.106791
0.025142 0.422697 0.232219
0.315845 0.387495 0.112093
0.034958 0.570451 0.101757
0.222933 0.035180 0.044257
0.283047 0.448209 0.161925
0.088524 0.371817 0.399929
0.362483 0.174091 0.407114
0.149588 0.522281 0.291679
0.268817 0.538660 0.130630
0.395954 0.099013 0.209097
0.237318 0.339893 0.210714
0.393087 0.358220 0.078725
0.252621 0.395152 0.266504
0.149415 0.367961 0.322530
0.138810 0.604578 0.054693
0.424270 0.001041 0.112255
0.410870 0.128159 0.049105
0.011359 0.916429 0.025851
0.227576 0.055537 0.080279
0.113258 0.071589 0.272010
0.690131 0.049449 0.200608
0.388452 0.297605 0.297197
0.040258 0.277415 0.175739
0.435501 0.126405 0.039896
0.080019 0.396405 0.503745
0.216024 0.008720 0.234688
0.092976 0.123235 0.184014
0.326062 0.304953 0.136604
0.014455 0.428741 0.386397
0.123275 0.196428 0.612871
0.608773 0.033461 0.316960
0.109135 0.368481 0.297939
0.027263 0.085789 0.466261
0.306423 0.282686 0.408658
0.484667 0.064044 0.433892
0.764575 0.184956 0.019692
0.414651 0.030691 0.308802
0.112987 0.534850 0.205410
0.251921 0.033978 0.495936
0.514199 0.316848 0.020773
0.254662 0.600433 0.114246
0.533723 0.097487 0.200547
0.081742 0.071496 0.125570
0.229001 0.143197 0.226811
0.062140 0.623611 0.082074
0.299864 0.208968 0.250326
0.109750 0.702755 0.044058
0.153343 0.319015 0.396214
0.137836 0.407641 0.251158
0.393186 0.376440 0.144576
0.233897 0.322148 0.127814
0.351937 0.138231 0.502313
0.009455 0.026353 0.669842
0.182628 0.430074 0.354365
0.503388 0.023540 0.129756
0.181639 0.205051 0.342577
0.209165 0.388419 0.372329
0.066358 0.263825 0.363489
0.186057 0.058141 0.378433
0.329798 0.515015 0.008733
0.166297 0.371769 0.284530
0.157255 0.220910 0.407024
0.052983 0.101251 0.415296
0.584247 0.279430 0.077173
0.361954 0.065412 0.009504
0.293430 0.163194 0.205723
0.132735 0.298570 0.130093
0.093054 0.343877 0.254980
0.087510 0.287911 0.119547
0.227802 0.075784 0.052881
0.281623 0.331065 0.372318
0.143666 0.057754 0.104533
0.127578 0.310311 0.525585
0.030032 0.511948 0.412472
0.235897 0.041019 0.129553
0.209772 0.157674 0.587587
0.651863 0.018138 0.173544
0.069659 0.199593 0.111877
0.097760 0.042305 0.212470
0.346531 0.470108 0.137381
0.086375 0.133863 0.656699
0.129022 0.550350 0.129022
0.143867 0.332701 0.503017
0.191314 0.420524 0.047880
0.382188 0.090529 0.092529
0.148629 0.197936 0.059718
0.512458 0.014302 0.104382
0.182366 0.658750 0.052627
0.602427 0.013936 0.256805
0.499478 0.072712 0.187937
0.257253 0.019588 0.467209
0.022545 0.022890 0.134924
0.199985 0.024107 0.506368
0.397755 0.086010 0.038550
0.086412 0.494842 0.060701
0.151619 0.167750 0.254759
0.178622 0.149291 0.207315
0.353964 0.104437 0.015355
0.038327 0.470854 0.446652
0.087558 0.388288 0.369779
0.090423 0.070619 0.522291
0.152848 0.258061 0.333482
0.475682 0.019750 0.000833
0.005518 0.262590 0.509314
0.239726 0.065983 0.032936
0.427654 0.161677 0.249568
0.053911 0.046969 0.312959
0.105779 0.703654 0.171479
0.263397 0.115356 0.268341
0.527307 0.177629 0.096702
0.177682 0.394826 0.060819
0.523398 0.185881 0.057122
0.298221 0.089408 0.133066
0.466167 0.029308 0.175477
0.512454 0.078944 0.065815
0.164228 0.010579 0.465730
0.203478 0.104205 0.048969
0.404536 0.346805 0.190849
0.090283 0.133858 0.191604
0.131151 0.006073 0.476149
0.132621 0.024063 0.312942
0.217221 0.092151 0.229206
0.462145 0.056040 0.117660
0.338085 0.049741 0.528417
0.291769 0.389014 0.107219
0.306479 0.372004 0.071480
0.097924 0.330511 0.556560
0.015300 0.023482 0.394516
0.020722 0.129322 0.123191
0.133314 0.861800 0.002821
0.365447 0.370251 0.174470
0.116943 0.495064 0.113898
0.006208 0.797506 0.181597
0.538876 0.173148 0.030872
0.478634 0.299915 0.045474
0.050717 0.006090 0.420231
0.189773 0.323618 0.040646
0.196049 0.232719 0.196048
0.474393 0.406186 0.024401
0.221328 0.346387 0.198677
0.488435 0.129754 0.373869
0.064509 0.169224 0.133167
0.107829 0.001860 0.380584
0.049065 0.180853 0.323484
0.045441 0.137978 0.508133
0.185488 0.438811 0.191633
0.325781 0.045909 0.210670
0.263434 0.458599 0.193830
0.254804 0.043826 0.181463
0.255256 0.029606 0.528861
0.084902 0.622397 0.290429
0.000000 0.043089 0.037239
0.197662 0.105196 0.096785
0.167995 0.263319 0.167995
0.502713 0.113369 0.196062
0.385783 0.494491 0.014703
0.224448 0.143230 0.246459
0.223979 0.359036 0.122578
0.296963 0.112256 0.225285
0.027782 0.058935 0.595599
0.311161 0.426755 0.132786
0.316050 0.092400 0.096394
0.039353 0.035246 0.438930
0.293003 0.222839 0.446879
0.203881 0.142699 0.168837
0.395496 0.492184 0.005060
0.292735 0.020333 0.035901
0.188935 0.516180 0.012253
0.203158 0.125530 0.146655
0.330913 0.349282 0.030911
0.360914 0.271025 0.089028
0.540503 0.045383 0.119523
0.577992 0.310843 0.048759
0.427983 0.031126 0.359946
0.239208 0.442887 0.239208
0.323417 0.051385 0.203257
0.029164 0.150055 0.076072
0.344571 0.077601 0.063360
0.125475 0.001339 0.747107
0.056251 0.477770 0.037144
0.192610 0.027632 0.296501
0.529469 0.127476 0.219391
0.292282 0.288767 0.148818
0.184441 0.001361 0.373654
0.061016 0.160328 0.623385
0.051207 0.055168 0.807027
0.089522 0.264047 0.025765
0.223032 0.384850 0.238643
0.122385 0.128130 0.521886
0.126288 0.066164 0.292567
0.058833 0.653219 0.238456
0.029686 0.482532 0.486735
0.562480 0.266492 0.090045
0.234018 0.126620 0.122505
0.004379 0.081426 0.228120
0.139104 0.323995 0.458968
0.581067 0.070633 0.322768
0.211570 0.030370 0.015751
0.325405 0.246730 0.419885
0.024645 0.643215 0.101537
0.178555 0.118289 0.077231
0.287185 0.265419 0.125663
0.168170 0.279859 0.047713
0.006522 0.367660 0.307728
0.171877 0.093044 0.486303
0.022646 0.275837 0.343843
0.626259 0.063953 0.087848
0.112051 0.342249 0.098142
0.490956 0.260358 0.031033
0.287166 0.194581 0.052258
0.313475 0.296315 0.043871
0.049056 0.520953 0.425124
0.508925 0.269602 0.033454
0.218703 0.166472 0.231483
0.125956 0.402492 0.399852
0.302885 0.022737 0.062757
0.034443 0.291492 0.284871
0.324441 0.261917 0.164392
0.103819 0.381346 0.299652
0.240912 0.098674 0.114422
0.287294 0.471426 0.090362
0.046447 0.396674 0.271443
0.349363 0.495752 0.153991
0.064489 0.164056 0.162047
0.412663 0.269865 0.243218
0.277395 0.199091 0.019053
0.001173 0.190858 0.053325
0.536648 0.282251 0.099767
0.009641 0.306910 0.068060
0.034567 0.086200 0.432247
0.335668 0.371213 0.022107
0.054475 0.444195 0.348782
0.211897 0.333562 0.061062
0.205217 0.177187 0.037431
0.023207 0.421683 0.140306
0.220399 0.168574 0.258782
0.033294 0.948624 0.014849
0.429786 0.170157 0.046252
0.735439 0.130584 0.052414
0.149146 0.176936 0.143591
0.173960 0.331456 0.379292
0.445872 0.409600 0.065064
0.208763 0.681464 0.008678
0.295307 0.310363 0.047974
0.538916 0.026891 0.139556
0.677346 0.088005 0.218198
0.322560 0.159282 0.200941
0.683705 0.284721 0.008025
0.444559 0.005981 0.419680
0.144240 0.268994 0.315145
0.117323 0.334575 0.284004
0.148661 0.501804 0.011524
0.271312 0.106064 0.105926
0.168350 0.080136 0.428378
0.498492 0.113877 0.032731
0.456897 0.154693 0.153287
0.355613 0.330395 0.242297
0.065729 0.007323 0.127807
0.178802 0.165946 0.160715
0.175466 0.552238 0.204590
0.181555 0.346015 0.387247
0.263507 0.259805 0.215052
0.125619 0.047615 0.539906
0.218061 0.126453 0.308153
0.515170 0.117820 0.037471
0.340758 0.592945 0.043859
0.048028 0.083357 0.468006
0.071144 0.202751 0.477843
0.564263 0.201412 0.215328
0.221245 0.002672 0.459664
0.082720 0.261378 0.494430
0.415054 0.228981 0.281356
0.191154 0.218407 0.216744
0.157809 0.225753 0.349656
0.250044 0.062219 0.404228
0.515697 0.308510 0.131665
0.019648 0.042070 0.537618
0.314280 0.233713 0.081634
0.153346 0.055115 0.405203
0.044772 0.596953 0.032944
0.020184 0.321528 0.340147
0.054914 0.176034 0.036064
0.497869 0.218950 0.269815
0.362436 0.583992 0.038991
0.490263 0.009583 0.401491
0.361104 0.086956 0.057665
0.692210 0.087758 0.146712
0.251818 0.279182 0.035050
0.283735 0.159343 0.385918
0.573457 0.197429 0.068944
0.151322 0.269455 0.490533
0.396971 0.322621 0.100869
0.630594 0.071877 0.133238
0.051730 0.236286 0.013005
0.143345 0.272717 0.081995
0.445049 0.313398 0.035146
0.325046 0.235243 0.425191
0.104780 0.412207 0.343719
0.555561 0.290231 0.142739
0.258180 0.433192 0.139196
0.004140 0.396469 0.328576
0.067006 0.222310 0.005114
0.167779 0.211257 0.360835
0.162771 0.637665 0.175085
0.101160 0.399566 0.119092
0.777817 0.023068 0.004865
0.014629 0.181214 0.698552
0.445352 0.185198 0.172682
0.113866 0.488509 0.298498
0.107907 0.068580 0.313714
0.099057 0.397582 0.454888
0.327852 0.134424 0.443768
0.252505 0.101759 0.354888
0.287057 0.250608 0.294564
0.595843 0.072832 0.203455
0.110458 0.756773 0.018072
0.141274 0.182996 0.206246
0.381040 0.063293 0.336329
0.355629 0.013902 0.489902
0.680190 0.075822 0.112360
0.280845 0.535187 0.094953
0.119263 0.757036 0.121833
0.073624 0.027059 0.507859
0.210479 0.279095 0.350991
0.485430 0.340579 0.078262
0.541312 0.010695 0.059853
0.055796 0.681135 0.184707
0.216966 0.095640 0.171504
0.223257 0.182448 0.525323
0.173199 0.309572 0.211982
0.251478 0.058874 0.670270
0.066857 0.132750 0.076595
0.256025 0.132224 0.027732
0.073131 0.127045 0.319312
0.090125 0.735554 0.007083
0.353796 0.030208 0.101700
0.294437 0.291489 0.410087
0.165769 0.196785 0.030624
0.565094 0.022699 0.061232
0.315862 0.326346 0.023388
0.030151 0.396941 0.301428
0.181575 0.768388 0.048136
0.026200 0.525529 0.064455
0.170551 0.598674 0.137682
0.147166 0.448706 0.200118
0.277817 0.045168 0.151503
0.566556 0.041116 0.204663
0.364989 0.087110 0.364989
0.284672 0.420666 0.251782
0.066733 0.409984 0.134436
0.346473 0.201150 0.427377
0.352641 0.248025 0.381950
0.304376 0.466140 0.053541
0.030181 0.187885 0.486219
0.128955 0.305701 0.548275
0.145276 0.279624 0.395507
0.262302 0.289218 0.372175
0.052179 0.311782 0.339671
0.339495 0.204705 0.413655
0.295255 0.366773 0.134220
0.018697 0.148089 0.093965
0.268415 0.480351 0.161700
0.371897 0.171011 0.421544
0.030927 0.057559 0.378132
0.636830 0.215970 0.057879
0.028621 0.319694 0.175578
0.070520 0.089864 0.238124
0.053710 0.198476 0.380807
0.011208 0.233001 0.497211
0.579211 0.215940 0.014442
0.095535 0.512158 0.374782
0.175172 0.345024 0.259948
0.447943 0.083068 0.225393
0.084837 0.255337 0.549221
0.057165 0.299061 0.135881
0.526911 0.124909 0.275052
0.276248 0.051123 0.291001
0.108581 0.220792 0.593139
0.348295 0.362986 0.275460
0.137379 0.205208 0.610512
0.197075 0.506583 0.013127
0.047963 0.280280 0.302327
0.778349 0.022903 0.002401
0.391772 0.007665 0.037744
0.160698 0.758252 0.065638
0.304444 0.318018 0.161270
0.099179 0.169278 0.703865
0.371595 0.188503 0.070132
0.326156 0.384027 0.157135
0.238813 0.271180 0.087826
0.435361 0.035870 0.327220
0.275529 0.212550 0.354965
0.075766 0.012337 0.500700
0.104865 0.270876 0.182194
0.228492 0.472733 0.034120
0.021496 0.077768 0.146379
0.142423 0.482734 0.341072
0.067136 0.321089 0.490217
0.263657 0.514837 0.201783
0.227363 0.369994 0.038993
0.043910 0.103686 0.398208
0.076302 0.344777 0.478852
0.289139 0.299905 0.010071
0.660852 0.120319 0.036060
0.005395 0.129056 0.232078
0.518491 0.101633 0.356835
0.348552 0.140527 0.276145
0.390865 0.159678 0.057873
0.255238 0.398102 0.318203
0.334830 0.250063 0.264446
0.370854 0.075842 0.334671
0.361674 0.505647 0.122974
0.418338 0.103827 0.322171
0.026547 0.381747 0.168058
0.340422 0.231807 0.167123
0.807133 0.072569 0.093262
0.339619 0.495308 0.067537
0.016798 0.060929 0.432806
0.199252 0.093109 0.494983
0.175709 0.052407 0.530405
0.515366 0.073181 0.152648
0.168936 0.311686 0.415791
0.185333 0.203444 0.274708
0.493843 0.261312 0.000268
0.171355 0.081000 0.556996
0.471214 0.171060 0.090579
0.083103 0.565770 0.229967
0.020129 0.356548 0.502519
0.212986 0.011555 0.271041
0.046023 0.374754 0.352510
0.524631 0.106746 0.006524
0.054262 0.305109 0.504539
0.011859 0.284428 0.610373
0.516576 0.115152 0.097057
0.019589 0.002858 0.188592
0.317466 0.049965 0.276949
0.283144 0.196392 0.201495
0.057249 0.261303 0.142685
0.025092 0.073017 0.431394
0.058371 0.049780 0.003983
0.610661 0.114594 0.261879
0.132974 0.109519 0.039901
0.605406 0.026704 0.145376
0.245463 0.108537 0.086443
0.144863 0.005363 0.286642
0.209928 0.276513 0.379806
0.145798 0.153255 0.405231
0.102147 0.416406 0.122106
0.078858 0.223128 0.548780
0.616613 0.068377 0.300385
0.564988 0.267452 0.040329
0.129086 0.443210 0.073591
0.119791 0.640291 0.080640
0.114989 0.128590 0.497362
0.023838 0.794967 0.000669
0.162021 0.226392 0.014555
0.523853 0.030466 0.198606
0.505377 0.469707 0.005853
0.141279 0.213965 0.561032
0.437571 0.075914 0.005744
0.023390 0.347510 0.317164
0.171296 0.171544 0.320833
0.135173 0.054913 0.073696
0.275721 0.265274 0.095098
0.047938 0.499807 0.037871
0.547969 0.261162 0.010575
0.496568 0.020415 0.172362
0.028662 0.404958 0.513152
0.137970 0.511332 0.030404
0.022160 0.416268 0.455736
0.137093 0.077225 0.644831
0.062584 0.159209 0.169712
0.596852 0.050400 0.205432
0.417536 0.024665 0.066925
0.145248 0.716985 0.037404
0.393516 0.213807 0.250081
0.488502 0.010109 0.191661
0.130725 0.055372 0.340776
0.250238 0.109890 0.457919
0.020497 0.331319 0.403751
0.196818 0.271890 0.243163
0.025993 0.115228 0.580667
0.619252 0.121457 0.225799
0.210298 0.211344 0.403527
0.435711 0.242622 0.208213
0.396296 0.225185 0.269475
0.010908 0.668408 0.031574
0.393614 0.216892 0.180990
0.414550 0.111234 0.006942
0.196775 0.478582 0.099179
0.194992 0.307672 0.389391
0.142776 0.103239 0.315958
0.335525 0.070394 0.005338
0.050983 0.606055 0.263995
0.178036 0.389400 0.139818
0.079867 0.769786 0.091808
0.514664 0.007306 0.372889
0.035009 0.328012 0.550966
0.321530 0.236027 0.280575
0.468071 0.355237 0.091784
0.069750 0.072773 0.549645
0.454714 0.163645 0.375701
0.003682 0.257613 0.152126
0.604624 0.116476 0.018722
0.314487 0.450073 0.031978
0.227634 0.278255 0.418789
0.285248 0.481699 0.015271
0.466156 0.034893 0.056799
0.682745 0.184023 0.113576
0.355467 0.030261 0.221298
0.136629 0.265801 0.230597
0.534471 0.209410 0.021275
0.628185 0.255051 0.036169
0.088703 0.127955 0.482114
0.501096 0.206356 0.220043
0.568101 0.232830 0.018231
0.382248 0.381585 0.177844
0.025068 0.649278 0.167272
0.188938 0.046449 0.231653
0.340780 0.123041 0.068809
0.431304 0.395914 0.023027
0.356815 0.333755 0.291393
0.365715 0.115196 0.280032
0.067056 0.050211 0.223913
0.112592 0.205789 0.646222
0.177620 0.089352 0.290303
0.016509 0.559361 0.224312
0.385152 0.358768 0.165033
0.194525 0.127307 0.328993
0.405927 0.204705 0.243484
0.473458 0.176256 0.037773
0.041500 0.536195 0.420750
0.134259 0.275021 0.445720
0.304901 0.065815 0.410621
0.301913 0.244475 0.234078
0.433635 0.121284 0.146736
0.026556 0.475952 0.254129
0.236600 0.536650 0.129122
0.055807 0.562642 0.222455
0.321798 0.192706 0.225884
0.278231 0.216135 0.331450
0.133421 0.324669 0.010167
0.120440 0.420390 0.093490
0.271071 0.117614 0.080377
0.073808 0.129458 0.031996
0.139409 0.351090 0.104155
0.155237 0.325300 0.273469
0.294718 0.219291 0.126942
0.047086 0.780029 0.043247
0.542189 0.056738 0.026570
