2315
87
-1
-1
2272
1557
1235
288
-1
1675
1079
1154
674
2049
21
770
419
781
1444
418
994
222
-1
2371
614
210
797
177
2032
545
115
1634
15
1414
823
-1
-1
214
1208
635
152
379
1481
265
3396
93
648
659
818
811
182
1128
548
2145
341
91
2065
-1
422
1041
775
59
-1
3430
86
3244
-1
-1
49
285
364
820
3120
-1
975
162
198
2044
376
-1
308
36
-1
2191
1155
-1
415
-1
191
1661
3223
567
45
1119
618
710
266
8
3273
2000
611
1014
-1
426
563
1171
728
-1
-1
1714
53
4560
1031
71
1162
544
608
35
-1
55
17
269
-1
362
438
438
-1
1181
427
1748
4011
220
231
-1
906
665
286
2649
60
3185
390
1531
3601
1865
1697
-1
744
1833
243
1906
678
994
41
639
1604
1568
3607
1842
-1
80
-1
1702
1961
16
204
330
1674
2922
2531
913
2179
4649
2220
48
751
753
1190
127
1201
542
2389
1140
1758
404
1841
495
25
4162
16
412
-1
940
1860
1842
1341
114
-1
1293
600
3257
175
1182
954
901
1122
726
415
486
273
1213
448
1158
1107
276
1106
1431
72
320
1087
1003
3122
928
1771
-1
630
972
-1
400
-1
-1
699
2674
-1
584
4003
1072
282
470
2864
567
3214
360
1475
1846
1451
2461
288
-1
157
126
2070
-1
4690
90
-1
2606
254
86
3009
1669
2086
-1
-1
-1
-1
-1
1208
1691
1753
2976
-1
498
93
554
-1
1727
165
289
213
1648
428
1141
1487
1177
5006
976
131
19
474
1230
325
1776
507
1195
1456
4163
421
1892
631
-1
116
827
-1
1253
7
-1
-1
232
746
1100
71
-1
1205
386
830
-1
2653
445
-1
1831
-1
-1
550
2950
540
-1
78
-1
-1
720
133
260
2454
128
-1
-1
584
1453
977
2080
-1
369
3120
-1
1637
-1
3084
-1
92
-1
1338
-1
3044
2921
336
2329
174
314
115
-1
1614
406
579
-1
935
710
3250
3085
70
-1
1063
736
1559
677
672
134
31
-1
-1
590
2022
568
3869
1695
469
1468
911
2061
-1
2331
-1
29
-1
1447
188
-1
-1
371
3090
266
-1
4509
-1
101
102
4809
175
2353
1235
2945
254
1276
-1
-1
-1
106
2473
-1
4076
272
253
-1
-1
3747
162
177
334
-1
1740
-1
3038
1812
2230
289
11
370
-1
3
477
842
379
231
1763
-1
5046
1965
209
611
42
333
5214
49
3197
255
821
320
-1
1637
150
-1
719
118
30
323
446
1666
-1
1103
-1
2504
-1
-1
903
-1
681
-1
3489
382
727
3215
-1
573
2581
3340
-1
360
67
-1
-1
336
3639
1169
2309
370
-1
1767
3164
5029
233
2999
199
-1
222
682
-1
1309
2352
218
1460
1088
2256
586
2047
-1
4087
362
37
1617
2519
-1
2610
910
587
-1
2593
975
-1
406
759
87
25
959
1919
2359
1930
584
-1
338
1522
420
-1
1468
-1
4717
2590
1760
142
-1
272
2111
252
391
916
30
1098
-1
56
1795
659
1644
-1
4286
-1
-1
539
2351
1353
1365
1710
52
-1
-1
-1
-1
2540
542
113
2280
743
2010
1525
2381
4031
375
-1
3153
-1
-1
-1
-1
728
979
-1
-1
278
109
2666
711
1029
1847
1203
2272
703
1638
182
1123
-1
28
-1
-1
52
3397
-1
1939
904
-1
2150
793
942
-1
1747
-1
-1
1934
-1
-1
1297
-1
3288
4734
686
-1
1075
-1
14
1849
3815
92
-1
890
3737
394
-1
1904
1358
954
133
-1
577
3028
-1
495
-1
1457
-1
1044
1401
-1
1359
878
541
854
193
-1
-1
-1
-1
57
939
3688
3776
3769
3211
-1
-1
598
557
5
1226
982
2743
368
338
636
-1
1172
-1
110
280
113
104
1161
595
-1
380
158
-1
-1
598
53
195
21
-1
-1
3753
2187
2201
32
41
-1
-1
422
263
1835
573
5
322
2339
-1
1666
1115
1019
-1
3
-1
-1
-1
140
1101
147
1991
65
-1
-1
1238
42
4789
-1
1654
650
-1
-1
56
649
-1
1605
2653
991
991
1030
1717
98
-1
-1
2816
-1
709
-1
302
179
-1
-1
-1
1232
-1
4956
238
246
364
2281
-1
275
-1
-1
854
1153
376
1797
-1
-1
-1
-1
92
-1
553
935
-1
1816
595
-1
-1
343
676
352
-1
428
152
-1
1785
686
-1
793
125
57
672
90
647
305
-1
973
-1
228
4137
525
-1
73
367
-1
405
284
537
1288
-1
381
-1
-1
3154
1254
373
166
1877
912
1667
-1
2845
379
-1
795
-1
346
46
1496
-1
1075
308
-1
-1
377
-1
-1
-1
1339
-1
2312
294
775
408
1965
-1
165
40
660
-1
497
1476
1119
380
3457
2897
4424
-1
-1
-1
1136
1584
1221
2431
2749
-1
4135
61
-1
1158
410
-1
-1
290
468
-1
-1
63
56
605
41
919
1841
3279
436
2950
621
-1
643
1129
-1
-1
-1
364
156
1830
60
-1
-1
651
229
444
-1
900
900
-1
823
924
628
915
954
-1
2254
-1
180
-1
3291
-1
-1
29
2050
630
613
967
9
-1
639
1201
-1
937
-1
123
3222
1482
1270
-1
3122
913
1481
273
-1
-1
310
-1
-1
646
852
2499
2292
-1
4717
2603
2025
-1
-1
-1
1032
148
2230
1426
321
580
3113
1559
-1
522
527
2495
128
251
4095
168
-1
-1
-1
-1
509
741
-1
27
-1
3905
-1
1015
2010
1137
-1
781
-1
3606
2239
-1
435
2252
3790
48
667
-1
86
565
4135
-1
2171
163
-1
159
-1
279
28
2207
877
-1
-1
1001
96
-1
-1
2475
234
3382
1304
-1
206
5215
958
3387
221
-1
198
-1
569
1543
-1
-1
504
3820
1215
2584
155
318
-1
647
4599
-1
-1
1997
565
2094
3026
3526
-1
367
558
132
355
-1
1359
288
579
-1
356
262
-1
3004
133
-1
-1
-1
1122
618
2153
584
1607
243
-1
-1
-1
1676
959
-1
512
74
2964
261
1627
3262
209
675
-1
441
5166
-1
4887
695
2113
347
1702
-1
-1
-1
-1
676
1941
-1
136
-1
1062
-1
3327
368
2748
-1
73
857
91
-1
-1
3498
-1
-1
1293
2500
2333
-1
-1
-1
-1
1938
1335
1419
1298
1830
2278
2073
539
1929
469
-1
-1
-1
2384
3769
3366
-1
2671
2200
-1
406
1481
158
-1
2099
2235
-1
1086
-1
2744
-1
-1
-1
1023
-1
3245
23
556
2322
644
1140
1919
1954
1072
135
1053
203
2144
1710
556
1430
-1
2187
626
513
360
-1
635
921
677
55
-1
21
1075
2312
4509
-1
-1
2976
-1
-1
-1
80
-1
40
1812
-1
219
935
927
-1
-1
2513
1953
-1
-1
447
95
-1
325
1007
2293
-1
-1
21
1094
1698
-1
-1
-1
-1
-1
-1
-1
200
3860
-1
-1
568
1662
4356
4361
4356
-1
417
2209
-1
-1
-1
286
1179
-1
-1
-1
1189
978
1232
-1
344
-1
-1
172
-1
2174
2478
-1
-1
16
-1
993
251
279
-1
-1
-1
1343
-1
1157
75
-1
-1
1892
1473
72
2136
634
2986
3993
-1
1800
-1
-1
1530
-1
1145
2279
881
2254
-1
-1
2353
-1
1084
-1
713
78
976
-1
3583
541
3652
-1
3584
-1
395
-1
-1
-1
-1
-1
609
1012
1291
-1
1654
-1
-1
-1
4655
-1
670
-1
3274
773
53
502
2472
1998
-1
-1
-1
1214
1631
823
3040
233
13
316
-1
-1
-1
233
-1
60
573
-1
1482
3381
2671
4000
-1
-1
-1
1898
4662
700
352
-1
61
3045
-1
866
2959
-1
625
7
-1
74
2176
1635
797
3512
3202
2952
1197
1027
2026
-1
-1
853
345
2185
-1
1498
-1
-1
-1
976
-1
-1
2531
-1
-1
1409
-1
1267
-1
3845
-1
3783
654
-1
2306
-1
-1
3310
-1
2013
557
1871
1710
-1
1886
-1
412
-1
-1
-1
-1
-1
45
2495
-1
2864
3437
286
1169
1555
-1
-1
460
371
2254
-1
227
-1
-1
4252
-1
-1
-1
336
1322
1714
-1
-1
2499
-1
623
-1
-1
2510
613
-1
612
628
1763
1240
5020
-1
4662
754
1683
172
3113
4232
1748
462
8
251
1285
460
290
1974
-1
-1
2681
235
837
3318
2847
127
265
570
771
3769
2363
117
-1
-1
-1
3179
-1
-1
-1
737
5007
-1
-1
2149
3376
1737
160
-1
501
-1
-1
-1
2632
389
2938
2166
-1
-1
-1
-1
-1
371
454
1463
197
1921
-1
-1
631
-1
-1
630
1071
4692
4649
-1
96
1048
1333
3318
455
-1
-1
1302
660
2077
-1
-1
-1
-1
-1
-1
605
-1
4135
2078
3810
3021
223
-1
4727
-1
2150
-1
-1
426
1098
2355
4727
1915
411
1046
117
-1
-1
1162
-1
83
321
-1
-1
3820
-1
-1
-1
32
3136
1481
-1
-1
-1
-1
-1
-1
-1
1603
1460
1675
317
3185
-1
-1
-1
-1
4750
2137
-1
744
59
1778
321
1797
-1
333
-1
-1
-1
-1
-1
-1
369
3382
-1
-1
304
2703
1054
2672
1217
-1
439
-1
954
-1
-1
-1
1331
1524
750
1216
-1
-1
2143
-1
427
4646
2256
4336
2357
2063
-1
1201
1498
-1
-1
-1
1007
-1
379
-1
-1
2387
-1
185
3089
3319
-1
-1
-1
2192
-1
4527
-1
249
-1
1544
1109
-1
-1
353
2042
-1
154
53
11
457
2144
-1
-1
694
218
812
3694
-1
338
-1
-1
561
-1
-1
-1
5126
1074
-1
-1
436
99
162
-1
-1
-1
333
3154
4370
1223
-1
526
4734
-1
-1
-1
1503
1275
298
1179
1621
75
-1
1197
1131
3961
-1
-1
623
-1
-1
-1
1537
-1
2670
2387
-1
363
3003
-1
2455
-1
1898
3696
-1
756
-1
-1
545
-1
3090
3154
-1
790
283
-1
254
1998
1545
821
1847
1938
-1
-1
-1
-1
-1
1403
5214
825
-1
554
1207
3179
1073
-1
-1
504
4383
4248
4640
3632
1426
298
-1
-1
118
-1
516
1940
2082
-1
5007
-1
-1
1860
430
39
673
1030
1107
-1
-1
-1
636
115
-1
1929
168
-1
17
-1
3871
-1
-1
2521
-1
-1
-1
-1
-1
-1
-1
2953
147
3107
-1
3201
1442
-1
4968
4728
314
-1
-1
-1
-1
446
-1
418
-1
-1
-1
517
665
10
600
257
1997
-1
-1
4003
2166
-1
246
1609
852
-1
929
-1
626
-1
-1
5020
79
-1
-1
-1
408
2342
-1
-1
131
1800
315
-1
-1
18
2421
824
4789
-1
2546
-1
303
72
-1
-1
-1
-1
3860
4527
-1
313
4043
-1
978
-1
-1
-1
-1
-1
-1
1445
-1
637
36
-1
4
3820
-1
116
-1
-1
-1
-1
952
-1
-1
-1
612
-1
-1
3321
-1
4640
-1
-1
1789
164
419
1270
3575
-1
-1
-1
138
519
714
4377
3480
-1
-1
-1
-1
90
4363
3704
4485
930
318
-1
50
2732
-1
-1
-1
-1
815
183
372
-1
139
1957
567
2965
-1
-1
312
214
-1
-1
-1
1101
1270
-1
2137
-1
-1
1614
2465
1781
3984
4658
3596
385
3624
2236
1134
3206
3175
3992
370
2829
4409
5219
4722
779
1383
254
3976
582
1077
2009
4751
4093
1361
1321
192
4265
4143
2159
3127
4117
2622
494
4158
2777
5110
4112
2928
4036
576
4770
2379
5221
4620
4326
3448
4633
1471
1768
4264
4854
1188
4982
2407
5104
4512
4470
2383
2033
1420
1406
4521
5076
4878
4573
4779
3679
1416
2573
1297
3938
908
46
4034
2328
856
5170
2555
2548
3712
2104
4997
3828
3287
5208
3980
5241
4648
4744
2699
2744
708
2868
368
1882
5205
2768
4553
4563
3428
46
1563
2617
4041
2688
2887
2589
2933
3141
3543
2810
1243
4707
1966
3427
3588
4098
20
3050
4627
1599
5128
1590
4518
3195
2657
3670
2570
2088
2011
351
1716
3445
1874
3468
1548
381
365
2784
2833
1430
1494
3232
1618
3244
4344
3513
4991
1059
4282
3190
2566
673
250
3808
1592
2664
911
4477
161
1236
2264
4704
2598
593
2319
4597
5095
983
2847
4276
2627
1920
4527
5152
5209
4657
4299
2456
2411
3572
2437
3763
671
4281
4024
4554
1826
4044
1640
2156
3739
4671
1130
2360
4283
4770
3680
5009
3761
4819
1489
3159
4725
4684
3553
424
4914
2259
3329
11
62
4351
4333
3131
2440
2596
1684
5146
4494
4752
1051
3186
106
4691
1095
896
1829
3581
1978
4865
4364
3171
2237
4752
4036
4922
340
989
3762
1078
1080
1825
3620
4846
5198
4358
586
3612
998
5059
1949
4119
946
3008
3475
619
3580
4172
2340
2485
3487
2958
4149
957
11
155
3539
4771
4376
1790
3674
261
3964
2588
1504
1497
5005
698
2426
4685
139
4799
1005
5164
4864
532
5076
4430
2109
4441
3799
3656
2493
458
3888
5084
981
2775
4146
5175
5107
2001
3727
2945
1234
2687
5002
3645
5080
514
4526
4749
4682
3682
4733
3874
564
644
3801
1834
3078
1055
2194
1089
3950
4971
1471
3117
602
4465
1341
4686
3791
3294
2040
4064
4662
2584
4893
4254
3452
3087
4690
107
1869
3615
2255
2192
1351
1412
1107
938
3655
6
1954
5071
119
1229
4300
2963
2369
4045
4559
3591
3702
2357
3100
688
4765
4041
3265
815
4511
1828
2494
4983
3464
5146
3764
2569
1342
5018
1093
3747
2625
3198
5051
2585
1671
2791
4082
2664
1176
4649
4881
1823
2293
1063
5135
4315
4235
4596
3710
4963
1602
1917
2657
792
3701
5153
2283
2400
375
3697
4581
19
874
2325
4288
184
1749
1396
4510
583
4948
2095
2960
1606
4051
2707
3793
98
615
4063
2391
1442
1229
5187
4603
4113
5132
3854
2537
5210
4879
1394
2300
309
624
3914
2245
1588
3272
11
1005
1161
3635
2567
3586
1809
4755
3729
1691
3448
4975
251
2924
4938
2153
1939
3128
2722
2022
2680
2646
965
3009
1978
4093
2977
1319
1789
3025
5137
1712
4813
1894
2142
332
5169
2407
1591
4259
4573
4298
464
1680
4255
1465
2373
68
1335
4323
3822
3286
1716
607
1838
1214
68
5049
4229
702
2234
4457
808
1682
4244
4397
2645
3859
4096
1764
173
2994
1442
2243
347
496
2697
2931
1310
3709
4579
1659
3727
3220
3209
2854
4038
2555
2265
4629
1030
3696
123
1912
3502
2927
427
1633
2481
979
1843
2948
1199
4522
3819
4986
4118
362
2665
4737
2456
1166
998
1157
2032
35
4992
1067
4991
4186
3071
1577
1427
4774
2202
770
3099
1367
235
5087
4667
577
3142
4682
1592
3037
591
3956
1126
3732
3699
4440
2914
5138
4533
4465
4057
4989
2322
685
4650
3177
3486
3107
4912
5106
416
2319
3414
3394
2112
5071
228
1378
3974
4994
2413
3429
2186
2657
1775
4170
1826
3897
897
622
3409
3416
4761
3080
4038
1840
1144
11
5092
4898
94
4888
3758
384
4111
1287
3582
2024
2263
1983
4109
3671
4075
3856
2048
4048
3663
3481
3065
1464
3929
4443
1942
4658
2684
2611
865
3457
604
3102
1727
5161
3651
492
3450
2006
2657
3627
3560
4051
3976
1198
4955
3761
1977
2656
1911
2822
792
4355
1525
3648
4620
3122
3753
1118
3799
1174
1098
776
3186
2432
4268
5155
912
2031
2428
4687
5140
5132
2930
2096
1980
508
4312
2620
4228
2022
3163
1138
35
4398
523
2070
1114
1921
4222
3566
1701
4826
5074
1337
3820
4816
1978
1586
1842
4708
955
4282
4661
3972
1529
664
1532
2793
3139
1163
5004
2491
2632
4489
2407
1571
3880
6
4890
3767
4764
4446
2658
3238
1114
3959
3823
228
2945
470
5046
2976
755
5044
5061
5164
1452
2100
3411
4842
3209
4794
1613
3513
1437
4054
2555
3571
3097
1997
2469
2694
721
3541
3452
770
3961
2202
1303
559
3469
3907
2628
1625
4181
2214
4168
3745
2483
1052
3646
4630
4040
3642
1579
586
3109
271
4366
4341
2802
5008
4202
2113
1690
765
1828
1262
767
3225
2717
1091
1784
5101
3409
1876
3655
1011
4212
4115
1250
3970
4144
4257
4969
1045
1415
2233
3294
4291
4535
1010
429
4468
3483
4848
1799
2051
2097
941
2794
1606
3817
1699
4268
2409
148
2344
641
1650
2822
3483
1994
2008
3745
1797
2445
3607
3729
3192
3195
594
5028
2282
2186
4604
3734
1701
990
5091
2109
1030
1618
1703
334
3144
3066
1739
2107
5117
4912
4422
4715
2299
5207
4810
4619
787
97
3385
4391
4122
4259
1671
1317
2857
658
985
2131
5225
4668
3451
439
4432
4414
1390
4257
1905
4262
4574
358
2555
4406
2400
679
2542
3392
1076
3682
3122
2574
4412
2986
3799
1942
1138
3997
3258
429
4888
1183
3467
2161
5178
2107
3081
3616
2724
334
2161
2127
3349
3267
2400
1114
3521
3682
2664
2536
3995
2317
4742
2604
703
1618
2682
3675
5013
3162
1764
4012
2948
1736
4862
4901
2662
4081
3006
389
1157
