6.9880e-15
6.0028e-06
1.2297e-05
1.4837e-05
1.9643e-05
2.3870e-05
2.6370e-05
2.4787e-05
2.8951e-05
3.1487e-05
3.1560e-05
3.1259e-05
3.0720e-05
3.2602e-05
2.9425e-05
3.1363e-05
2.9527e-05
3.0294e-05
2.8604e-05
2.9364e-05
2.9896e-05
2.9430e-05
2.8130e-05
2.8042e-05
3.1282e-05
3.0621e-05
2.9235e-05
2.7739e-05
2.8092e-05
2.7279e-05
2.4346e-05
2.5287e-05
2.3641e-05
2.3573e-05
2.3381e-05
2.2829e-05
2.4061e-05
2.3004e-05
2.3051e-05
2.4574e-05
2.3199e-05
2.3487e-05
2.3673e-05
2.3670e-05
2.4283e-05
2.3218e-05
2.3662e-05
2.3511e-05
2.6274e-05
2.5909e-05
2.3821e-05
2.3207e-05
2.1779e-05
2.4340e-05
2.4214e-05
2.2738e-05
2.4039e-05
1.6164e-01
1.7847e-02
1.8526e-02
1.4809e-02
1.0869e-02
1.0598e-02
7.2170e-03
8.4573e-03
1.0023e-02
7.8778e-03
4.8153e-03
6.3464e-03
6.4041e-03
5.3634e-03
4.0125e-03
5.8338e-03
4.9503e-03
3.0422e-03
3.6318e-03
4.8538e-03
3.2929e-03
3.2559e-03
3.5445e-03
4.5645e-03
2.9382e-03
2.5716e-03
2.7943e-03
3.8225e-03
3.1721e-03
2.4798e-03
2.6742e-03
2.6543e-03
2.2948e-03
2.3309e-03
3.3343e-03
2.6350e-03
2.0111e-03
6.9880e-15
6.0028e-06
1.2297e-05
1.4818e-05
1.9467e-05
2.3765e-05
2.5830e-05
2.6911e-05
2.9573e-05
2.9046e-05
3.0461e-05
3.1130e-05
3.3921e-05
3.4124e-05
3.1815e-05
3.3366e-05
3.2541e-05
3.2707e-05
3.4449e-05
3.1382e-05
3.1251e-05
3.0333e-05
2.8855e-05
2.9886e-05
3.2547e-05
3.0520e-05
3.1030e-05
3.0738e-05
2.9915e-05
3.0068e-05
2.7744e-05
2.7206e-05
2.4851e-05
2.4032e-05
2.5081e-05
2.4708e-05
2.5426e-05
2.3613e-05
2.4361e-05
2.5522e-05
2.7021e-05
2.5194e-05
2.6435e-05
2.6025e-05
2.6238e-05
2.4019e-05
2.6259e-05
2.4763e-05
2.4607e-05
2.5215e-05
2.5764e-05
2.3780e-05
2.4505e-05
2.3331e-05
2.3109e-05
2.3722e-05
2.3911e-05
7.6011e-03
1.8038e-02
1.8301e-02
1.4599e-02
1.0791e-02
1.0453e-02
7.1542e-03
7.6243e-02
9.9335e-03
7.9340e-03
6.9880e-15
6.0028e-06
1.2297e-05
1.4856e-05
1.9301e-05
2.4359e-05
2.5172e-05
2.7611e-05
2.8452e-05
2.9412e-05
3.1874e-05
3.0527e-05
3.4310e-05
3.1912e-05
3.2271e-05
3.2287e-05
3.2465e-05
3.2510e-05
3.2602e-05
3.1686e-05
3.2110e-05
2.9542e-05
2.9345e-05
2.8825e-05
2.9763e-05
2.8491e-05
2.6165e-05
2.8339e-05
2.6926e-05
2.4827e-05
2.3928e-05
2.3982e-05
2.4796e-05
2.4705e-05
2.2296e-05
2.1817e-05
2.3841e-05
2.2526e-05
2.2311e-05
2.2303e-05
2.2895e-05
2.1889e-05
2.2930e-05
2.3525e-05
2.3323e-05
2.3433e-05
2.3657e-05
2.4937e-05
2.4280e-05
2.4232e-05
2.3254e-05
2.2622e-05
2.3357e-05
2.4586e-05
2.3355e-05
2.4845e-05
2.3402e-05
3.6509e-02
1.8048e-02
1.8263e-02
1.4568e-02
1.0684e-02
1.0316e-02
7.1204e-03
1.0157e-01
9.8639e-03
7.8996e-03
4.8454e-03
6.4064e-03
6.3227e-03
5.2437e-03
4.0361e-03
5.8758e-03
4.8385e-03
2.9615e-03
3.7796e-03
4.8700e-03
3.2336e-03
3.2454e-03
3.5877e-03
4.5695e-03
2.8171e-03
2.5682e-03
2.8247e-03
3.7864e-03
3.1249e-03
2.4268e-03
2.6550e-03
2.6419e-03
2.2172e-03
2.3998e-03
3.3005e-03
2.5524e-03
1.9986e-03
2.2978e-03
2.1065e-03
2.1560e-03
2.0639e-03
2.6544e-03
2.6447e-03
2.0168e-03
1.8585e-03
1.9871e-03
1.7565e-03
1.5868e-03
1.9867e-03
2.2446e-03
1.4035e-03
1.2118e-03
2.3227e-03
2.0975e-03
1.6002e-03
6.9880e-15
6.0028e-06
1.2297e-05
1.4856e-05
1.9301e-05
2.4359e-05
2.5172e-05
2.7467e-05
2.8401e-05
2.8737e-05
3.0771e-05
3.3554e-05
3.3985e-05
3.1725e-05
3.3655e-05
3.4381e-05
3.4033e-05
3.3328e-05
3.2935e-05
6.9880e-15
6.0028e-06
1.2297e-05
1.4875e-05
1.9276e-05
2.2543e-05
2.5437e-05
2.6530e-05
2.6731e-05
3.1810e-05
3.0570e-05
3.1620e-05
3.3360e-05
3.2819e-05
3.1243e-05
2.9894e-05
3.0525e-05
3.1685e-05
3.1639e-05
3.2347e-05
3.1809e-05
6.9880e-15
6.0028e-06
1.2297e-05
1.4856e-05
1.9301e-05
2.4359e-05
2.5216e-05
2.7196e-05
2.7606e-05
2.8773e-05
3.0869e-05
3.4010e-05
3.3585e-05
3.1886e-05
3.1986e-05
3.2917e-05
3.1168e-05
3.2730e-05
3.3910e-05
3.2214e-05
3.2708e-05
3.0076e-05
2.8481e-05
3.1410e-05
3.1073e-05
2.8940e-05
2.8634e-05
2.8191e-05
2.8834e-05
2.6450e-05
2.7729e-05
2.4895e-05
2.3610e-05
2.1548e-05
2.4650e-05
2.3754e-05
2.5243e-05
2.6018e-05
2.5535e-05
2.6611e-05
2.5987e-05
2.6083e-05
2.5165e-05
2.5722e-05
6.9880e-15
6.0028e-06
1.2297e-05
1.4856e-05
1.9301e-05
2.4359e-05
2.5216e-05
2.7196e-05
2.7606e-05
2.8668e-05
3.1284e-05
3.2862e-05
3.2668e-05
3.3851e-05
3.1089e-05
3.3435e-05
3.1615e-05
3.1352e-05
3.3356e-05
3.2559e-05
3.1764e-05
2.9461e-05
3.3908e-05
2.9591e-05
3.0283e-05
3.0844e-05
2.9150e-05
2.9949e-05
2.9311e-05
2.9956e-05
2.7146e-05
2.6294e-05
2.4224e-05
2.3586e-05
2.3773e-05
2.3334e-05
2.4446e-05
2.3328e-05
2.5743e-05
2.4287e-05
2.6402e-05
2.4202e-05
2.3344e-05
2.4788e-05
2.4010e-05
2.4188e-05
2.4465e-05
2.4946e-05
2.4258e-05
2.2537e-05
2.4170e-05
2.4080e-05
2.2733e-05
2.4092e-05
2.4108e-05
2.3056e-05
2.3686e-05
1.3690e-02
1.8310e-02
1.8252e-02
1.4519e-02
1.4208e-02
1.3759e-02
7.1552e-03
8.2082e-03
9.8559e-03
7.8788e-03
4.8664e-03
6.5192e-03
6.3641e-03
5.2043e-03
4.0882e-03
5.9724e-03
4.8608e-03
2.9694e-03
3.8922e-03
4.9194e-03
3.2434e-03
3.2790e-03
